  $DATA=CURVE3D
   0.0000000000000000        0.0000000000000000        0.0000000000000000     
   0.0000000000000000        5.8823529411763976E-003   0.0000000000000000     
  
   0.0000000000000000        5.8823529411763976E-003   0.0000000000000000     
   0.0000000000000000        1.1764705882352797E-002   0.0000000000000000     
  
   0.0000000000000000        1.1764705882352797E-002   0.0000000000000000     
   0.0000000000000000        1.7647058823529155E-002   0.0000000000000000     
  
   0.0000000000000000        1.7647058823529155E-002   0.0000000000000000     
   0.0000000000000000        2.3529411764705504E-002   0.0000000000000000     
  
   0.0000000000000000        2.3529411764705504E-002   0.0000000000000000     
   0.0000000000000000        2.9411764705881853E-002   0.0000000000000000     
  
   0.0000000000000000        2.9411764705881853E-002   0.0000000000000000     
   0.0000000000000000        3.5294117647058233E-002   0.0000000000000000     
  
   0.0000000000000000        3.5294117647058233E-002   0.0000000000000000     
   0.0000000000000000        4.1176470588234593E-002   0.0000000000000000     
  
   0.0000000000000000        4.1176470588234593E-002   0.0000000000000000     
   0.0000000000000000        4.7058823529410966E-002   0.0000000000000000     
  
   0.0000000000000000        4.7058823529410966E-002   0.0000000000000000     
   0.0000000000000000        5.2941176470587478E-002   0.0000000000000000     
  
   0.0000000000000000        5.2941176470587478E-002   0.0000000000000000     
   0.0000000000000000        5.8823529411764067E-002   0.0000000000000000     
  
   0.0000000000000000        5.8823529411764067E-002   0.0000000000000000     
   0.0000000000000000        6.4705882352940627E-002   0.0000000000000000     
  
   0.0000000000000000        6.4705882352940627E-002   0.0000000000000000     
   0.0000000000000000        7.0588235294117271E-002   0.0000000000000000     
  
   0.0000000000000000        7.0588235294117271E-002   0.0000000000000000     
   0.0000000000000000        7.6470588235293901E-002   0.0000000000000000     
  
   0.0000000000000000        7.6470588235293901E-002   0.0000000000000000     
   0.0000000000000000        8.2352941176470532E-002   0.0000000000000000     
  
   0.0000000000000000        8.2352941176470532E-002   0.0000000000000000     
   0.0000000000000000        8.8235294117647176E-002   0.0000000000000000     
  
   0.0000000000000000        8.8235294117647176E-002   0.0000000000000000     
   0.0000000000000000        9.4117647058823833E-002   0.0000000000000000     
  
   0.0000000000000000        9.4117647058823833E-002   0.0000000000000000     
   0.0000000000000000       0.10000000000000001        0.0000000000000000     
  
   0.0000000000000000       0.10000000000000001        0.0000000000000000     
   5.9880239520958504E-003  0.10000000000000001        0.0000000000000000     
  
   5.9880239520958504E-003  0.10000000000000001        0.0000000000000000     
   1.1976047904191699E-002  0.10000000000000001        0.0000000000000000     
  
   1.1976047904191699E-002  0.10000000000000001        0.0000000000000000     
   1.7964071856287553E-002  0.10000000000000001        0.0000000000000000     
  
   1.7964071856287553E-002  0.10000000000000001        0.0000000000000000     
   2.3952095808383398E-002  0.10000000000000001        0.0000000000000000     
  
   2.3952095808383398E-002  0.10000000000000001        0.0000000000000000     
   2.9940119760479264E-002   9.9999999999999992E-002   0.0000000000000000     
  
   2.9940119760479264E-002   9.9999999999999992E-002   0.0000000000000000     
   3.5928143712575120E-002  0.10000000000000001        0.0000000000000000     
  
   3.5928143712575120E-002  0.10000000000000001        0.0000000000000000     
   4.1916167664670975E-002  0.10000000000000001        0.0000000000000000     
  
   4.1916167664670975E-002  0.10000000000000001        0.0000000000000000     
   4.7904191616766831E-002  0.10000000000000002        0.0000000000000000     
  
   4.7904191616766831E-002  0.10000000000000002        0.0000000000000000     
   5.3892215568862673E-002  0.10000000000000001        0.0000000000000000     
  
   5.3892215568862673E-002  0.10000000000000001        0.0000000000000000     
   5.9880239520958535E-002  0.10000000000000001        0.0000000000000000     
  
   5.9880239520958535E-002  0.10000000000000001        0.0000000000000000     
   6.5868263473054384E-002  0.10000000000000001        0.0000000000000000     
  
   6.5868263473054384E-002  0.10000000000000001        0.0000000000000000     
   7.1856287425150212E-002  0.10000000000000001        0.0000000000000000     
  
   7.1856287425150212E-002  0.10000000000000001        0.0000000000000000     
   7.7844311377246039E-002  0.10000000000000001        0.0000000000000000     
  
   7.7844311377246039E-002  0.10000000000000001        0.0000000000000000     
   8.3832335329341881E-002  0.10000000000000001        0.0000000000000000     
  
   8.3832335329341881E-002  0.10000000000000001        0.0000000000000000     
   8.9820359281437709E-002  0.10000000000000002        0.0000000000000000     
  
   8.9820359281437709E-002  0.10000000000000002        0.0000000000000000     
   9.5808383233533551E-002  0.10000000000000001        0.0000000000000000     
  
   9.5808383233533551E-002  0.10000000000000001        0.0000000000000000     
  0.10179640718562941       0.10000000000000002        0.0000000000000000     
  
  0.10179640718562941       0.10000000000000002        0.0000000000000000     
  0.10778443113772528       0.10000000000000001        0.0000000000000000     
  
  0.10778443113772528       0.10000000000000001        0.0000000000000000     
  0.11377245508982115       0.10000000000000001        0.0000000000000000     
  
  0.11377245508982115       0.10000000000000001        0.0000000000000000     
  0.11976047904191700       0.10000000000000001        0.0000000000000000     
  
  0.11976047904191700       0.10000000000000001        0.0000000000000000     
  0.12574850299401283       0.10000000000000001        0.0000000000000000     
  
  0.12574850299401283       0.10000000000000001        0.0000000000000000     
  0.13173652694610866       0.10000000000000001        0.0000000000000000     
  
  0.13173652694610866       0.10000000000000001        0.0000000000000000     
  0.13772455089820451       0.10000000000000001        0.0000000000000000     
  
  0.13772455089820451       0.10000000000000001        0.0000000000000000     
  0.14371257485030037       0.10000000000000001        0.0000000000000000     
  
  0.14371257485030037       0.10000000000000001        0.0000000000000000     
  0.14970059880239617       0.10000000000000001        0.0000000000000000     
  
  0.14970059880239617       0.10000000000000001        0.0000000000000000     
  0.15568862275449200       0.10000000000000001        0.0000000000000000     
  
  0.15568862275449200       0.10000000000000001        0.0000000000000000     
  0.16167664670658782       0.10000000000000001        0.0000000000000000     
  
  0.16167664670658782       0.10000000000000001        0.0000000000000000     
  0.16766467065868373       0.10000000000000003        0.0000000000000000     
  
  0.16766467065868373       0.10000000000000003        0.0000000000000000     
  0.17365269461077948        9.9999999999999978E-002   0.0000000000000000     
  
  0.17365269461077948        9.9999999999999978E-002   0.0000000000000000     
  0.17964071856287533       0.10000000000000001        0.0000000000000000     
  
  0.17964071856287533       0.10000000000000001        0.0000000000000000     
  0.18562874251497119       0.10000000000000003        0.0000000000000000     
  
  0.18562874251497119       0.10000000000000003        0.0000000000000000     
  0.19161676646706699       0.10000000000000001        0.0000000000000000     
  
  0.19161676646706699       0.10000000000000001        0.0000000000000000     
  0.19760479041916296        9.9999999999999978E-002   0.0000000000000000     
  
  0.19760479041916296        9.9999999999999978E-002   0.0000000000000000     
  0.20359281437125887       0.10000000000000001        0.0000000000000000     
  
  0.20359281437125887       0.10000000000000001        0.0000000000000000     
  0.20958083832335483       0.10000000000000002        0.0000000000000000     
  
  0.20958083832335483       0.10000000000000002        0.0000000000000000     
  0.21556886227545080       0.10000000000000003        0.0000000000000000     
  
  0.21556886227545080       0.10000000000000003        0.0000000000000000     
  0.22155688622754663       0.10000000000000001        0.0000000000000000     
  
  0.22155688622754663       0.10000000000000001        0.0000000000000000     
  0.22754491017964268       0.10000000000000003        0.0000000000000000     
  
  0.22754491017964268       0.10000000000000003        0.0000000000000000     
  0.23353293413173853       0.10000000000000002        0.0000000000000000     
  
  0.23353293413173853       0.10000000000000002        0.0000000000000000     
  0.23952095808383445       0.10000000000000001        0.0000000000000000     
  
  0.23952095808383445       0.10000000000000001        0.0000000000000000     
  0.24550898203593036       0.10000000000000002        0.0000000000000000     
  
  0.24550898203593036       0.10000000000000002        0.0000000000000000     
  0.25149700598802610        9.9999999999999992E-002   0.0000000000000000     
  
  0.25149700598802610        9.9999999999999992E-002   0.0000000000000000     
  0.25748502994012212       0.10000000000000002        0.0000000000000000     
  
  0.25748502994012212       0.10000000000000002        0.0000000000000000     
  0.26347305389221798       0.10000000000000003        0.0000000000000000     
  
  0.26347305389221798       0.10000000000000003        0.0000000000000000     
  0.26946107784431383        9.9999999999999992E-002   0.0000000000000000     
  
  0.26946107784431383        9.9999999999999992E-002   0.0000000000000000     
  0.27544910179640980       0.10000000000000002        0.0000000000000000     
  
  0.27544910179640980       0.10000000000000002        0.0000000000000000     
  0.28143712574850560       0.10000000000000001        0.0000000000000000     
  
  0.28143712574850560       0.10000000000000001        0.0000000000000000     
  0.28742514970060146       0.10000000000000002        0.0000000000000000     
  
  0.28742514970060146       0.10000000000000002        0.0000000000000000     
  0.29341317365269715        9.9999999999999978E-002   0.0000000000000000     
  
  0.29341317365269715        9.9999999999999978E-002   0.0000000000000000     
  0.29940119760479300       0.10000000000000001        0.0000000000000000     
  
  0.29940119760479300       0.10000000000000001        0.0000000000000000     
  0.30538922155688886       0.10000000000000001        0.0000000000000000     
  
  0.30538922155688886       0.10000000000000001        0.0000000000000000     
  0.31137724550898477       0.10000000000000002        0.0000000000000000     
  
  0.31137724550898477       0.10000000000000002        0.0000000000000000     
  0.31736526946108057       0.10000000000000001        0.0000000000000000     
  
  0.31736526946108057       0.10000000000000001        0.0000000000000000     
  0.32335329341317642       0.10000000000000002        0.0000000000000000     
  
  0.32335329341317642       0.10000000000000002        0.0000000000000000     
  0.32934131736527228       0.10000000000000003        0.0000000000000000     
  
  0.32934131736527228       0.10000000000000003        0.0000000000000000     
  0.33532934131736808       0.10000000000000001        0.0000000000000000     
  
  0.33532934131736808       0.10000000000000001        0.0000000000000000     
  0.34131736526946388       0.10000000000000001        0.0000000000000000     
  
  0.34131736526946388       0.10000000000000001        0.0000000000000000     
  0.34730538922155979       0.10000000000000001        0.0000000000000000     
  
  0.34730538922155979       0.10000000000000001        0.0000000000000000     
  0.35329341317365565       0.10000000000000001        0.0000000000000000     
  
  0.35329341317365565       0.10000000000000001        0.0000000000000000     
  0.35928143712575156       0.10000000000000001        0.0000000000000000     
  
  0.35928143712575156       0.10000000000000001        0.0000000000000000     
  0.36526946107784747       0.10000000000000001        0.0000000000000000     
  
  0.36526946107784747       0.10000000000000001        0.0000000000000000     
  0.37125748502994338       0.10000000000000001        0.0000000000000000     
  
  0.37125748502994338       0.10000000000000001        0.0000000000000000     
  0.37724550898203918       0.10000000000000002        0.0000000000000000     
  
  0.37724550898203918       0.10000000000000002        0.0000000000000000     
  0.38323353293413503       0.10000000000000001        0.0000000000000000     
  
  0.38323353293413503       0.10000000000000001        0.0000000000000000     
  0.38922155688623078       0.10000000000000001        0.0000000000000000     
  
  0.38922155688623078       0.10000000000000001        0.0000000000000000     
  0.39520958083832658       0.10000000000000001        0.0000000000000000     
  
  0.39520958083832658       0.10000000000000001        0.0000000000000000     
  0.40119760479042216       0.10000000000000001        0.0000000000000000     
  
  0.40119760479042216       0.10000000000000001        0.0000000000000000     
  0.40718562874251796       0.10000000000000001        0.0000000000000000     
  
  0.40718562874251796       0.10000000000000001        0.0000000000000000     
  0.41317365269461370       0.10000000000000001        0.0000000000000000     
  
  0.41317365269461370       0.10000000000000001        0.0000000000000000     
  0.41916167664670945       0.10000000000000001        0.0000000000000000     
  
  0.41916167664670945       0.10000000000000001        0.0000000000000000     
  0.42514970059880508       0.10000000000000001        0.0000000000000000     
  
  0.42514970059880508       0.10000000000000001        0.0000000000000000     
  0.43113772455090094       0.10000000000000002        0.0000000000000000     
  
  0.43113772455090094       0.10000000000000002        0.0000000000000000     
  0.43712574850299668       0.10000000000000001        0.0000000000000000     
  
  0.43712574850299668       0.10000000000000001        0.0000000000000000     
  0.44311377245509237       0.10000000000000001        0.0000000000000000     
  
  0.44311377245509237       0.10000000000000001        0.0000000000000000     
  0.44910179640718811       0.10000000000000001        0.0000000000000000     
  
  0.44910179640718811       0.10000000000000001        0.0000000000000000     
  0.45508982035928386       0.10000000000000001        0.0000000000000000     
  
  0.45508982035928386       0.10000000000000001        0.0000000000000000     
  0.46107784431137960       0.10000000000000001        0.0000000000000000     
  
  0.46107784431137960       0.10000000000000001        0.0000000000000000     
  0.46706586826347529       0.10000000000000001        0.0000000000000000     
  
  0.46706586826347529       0.10000000000000001        0.0000000000000000     
  0.47305389221557115       0.10000000000000001        0.0000000000000000     
  
  0.47305389221557115       0.10000000000000001        0.0000000000000000     
  0.47904191616766689       0.10000000000000001        0.0000000000000000     
  
  0.47904191616766689       0.10000000000000001        0.0000000000000000     
  0.48502994011976253       0.10000000000000001        0.0000000000000000     
  
  0.48502994011976253       0.10000000000000001        0.0000000000000000     
  0.49101796407185833       0.10000000000000001        0.0000000000000000     
  
  0.49101796407185833       0.10000000000000001        0.0000000000000000     
  0.49700598802395390       0.10000000000000001        0.0000000000000000     
  
  0.49700598802395390       0.10000000000000001        0.0000000000000000     
  0.50299401197604987       0.10000000000000002        0.0000000000000000     
  
  0.50299401197604987       0.10000000000000002        0.0000000000000000     
  0.50898203592814562       0.10000000000000001        0.0000000000000000     
  
  0.50898203592814562       0.10000000000000001        0.0000000000000000     
  0.51497005988024158       0.10000000000000002        0.0000000000000000     
  
  0.51497005988024158       0.10000000000000002        0.0000000000000000     
  0.52095808383233755       0.10000000000000003        0.0000000000000000     
  
  0.52095808383233755       0.10000000000000003        0.0000000000000000     
  0.52694610778443307       0.10000000000000001        0.0000000000000000     
  
  0.52694610778443307       0.10000000000000001        0.0000000000000000     
  0.53293413173652904       0.10000000000000002        0.0000000000000000     
  
  0.53293413173652904       0.10000000000000002        0.0000000000000000     
  0.53892215568862467       0.10000000000000001        0.0000000000000000     
  
  0.53892215568862467       0.10000000000000001        0.0000000000000000     
  0.54491017964072064       0.10000000000000001        0.0000000000000000     
  
  0.54491017964072064       0.10000000000000001        0.0000000000000000     
  0.55089820359281627        9.9999999999999978E-002   0.0000000000000000     
  
  0.55089820359281627        9.9999999999999978E-002   0.0000000000000000     
  0.55688622754491224       0.10000000000000001        0.0000000000000000     
  
  0.55688622754491224       0.10000000000000001        0.0000000000000000     
  0.56287425149700798       0.10000000000000001        0.0000000000000000     
  
  0.56287425149700798       0.10000000000000001        0.0000000000000000     
  0.56886227544910395        9.9999999999999992E-002   0.0000000000000000     
  
  0.56886227544910395        9.9999999999999992E-002   0.0000000000000000     
  0.57485029940119980       0.10000000000000001        0.0000000000000000     
  
  0.57485029940119980       0.10000000000000001        0.0000000000000000     
  0.58083832335329544        9.9999999999999992E-002   0.0000000000000000     
  
  0.58083832335329544        9.9999999999999992E-002   0.0000000000000000     
  0.58682634730539129        9.9999999999999992E-002   0.0000000000000000     
  
  0.58682634730539129        9.9999999999999992E-002   0.0000000000000000     
  0.59281437125748737       0.10000000000000002        0.0000000000000000     
  
  0.59281437125748737       0.10000000000000002        0.0000000000000000     
  0.59880239520958300       0.10000000000000001        0.0000000000000000     
  
  0.59880239520958300       0.10000000000000001        0.0000000000000000     
  0.60479041916167897       0.10000000000000001        0.0000000000000000     
  
  0.60479041916167897       0.10000000000000001        0.0000000000000000     
  0.61077844311377472       0.10000000000000001        0.0000000000000000     
  
  0.61077844311377472       0.10000000000000001        0.0000000000000000     
  0.61676646706587057        9.9999999999999992E-002   0.0000000000000000     
  
  0.61676646706587057        9.9999999999999992E-002   0.0000000000000000     
  0.62275449101796632       0.10000000000000001        0.0000000000000000     
  
  0.62275449101796632       0.10000000000000001        0.0000000000000000     
  0.62874251497006228        9.9999999999999992E-002   0.0000000000000000     
  
  0.62874251497006228        9.9999999999999992E-002   0.0000000000000000     
  0.63473053892215825       0.10000000000000003        0.0000000000000000     
  
  0.63473053892215825       0.10000000000000003        0.0000000000000000     
  0.64071856287425399       0.10000000000000001        0.0000000000000000     
  
  0.64071856287425399       0.10000000000000001        0.0000000000000000     
  0.64670658682634963       0.10000000000000001        0.0000000000000000     
  
  0.64670658682634963       0.10000000000000001        0.0000000000000000     
  0.65269461077844559       0.10000000000000001        0.0000000000000000     
  
  0.65269461077844559       0.10000000000000001        0.0000000000000000     
  0.65868263473054145       0.10000000000000001        0.0000000000000000     
  
  0.65868263473054145       0.10000000000000001        0.0000000000000000     
  0.66467065868263697       0.10000000000000001        0.0000000000000000     
  
  0.66467065868263697       0.10000000000000001        0.0000000000000000     
  0.67065868263473316       0.10000000000000001        0.0000000000000000     
  
  0.67065868263473316       0.10000000000000001        0.0000000000000000     
  0.67664670658682891       0.10000000000000001        0.0000000000000000     
  
  0.67664670658682891       0.10000000000000001        0.0000000000000000     
  0.68263473053892476       0.10000000000000001        0.0000000000000000     
  
  0.68263473053892476       0.10000000000000001        0.0000000000000000     
  0.68862275449102073       0.10000000000000001        0.0000000000000000     
  
  0.68862275449102073       0.10000000000000001        0.0000000000000000     
  0.69461077844311647       0.10000000000000002        0.0000000000000000     
  
  0.69461077844311647       0.10000000000000002        0.0000000000000000     
  0.70059880239521233       0.10000000000000001        0.0000000000000000     
  
  0.70059880239521233       0.10000000000000001        0.0000000000000000     
  0.70658682634730807       0.10000000000000001        0.0000000000000000     
  
  0.70658682634730807       0.10000000000000001        0.0000000000000000     
  0.71257485029940393       0.10000000000000001        0.0000000000000000     
  
  0.71257485029940393       0.10000000000000001        0.0000000000000000     
  0.71856287425149967       0.10000000000000001        0.0000000000000000     
  
  0.71856287425149967       0.10000000000000001        0.0000000000000000     
  0.72455089820359564       0.10000000000000001        0.0000000000000000     
  
  0.72455089820359564       0.10000000000000001        0.0000000000000000     
  0.73053892215569149       0.10000000000000002        0.0000000000000000     
  
  0.73053892215569149       0.10000000000000002        0.0000000000000000     
  0.73652694610778724       0.10000000000000002        0.0000000000000000     
  
  0.73652694610778724       0.10000000000000002        0.0000000000000000     
  0.74251497005988309       0.10000000000000001        0.0000000000000000     
  
  0.74251497005988309       0.10000000000000001        0.0000000000000000     
  0.74850299401197895       0.10000000000000001        0.0000000000000000     
  
  0.74850299401197895       0.10000000000000001        0.0000000000000000     
  0.75449101796407481       0.10000000000000001        0.0000000000000000     
  
  0.75449101796407481       0.10000000000000001        0.0000000000000000     
  0.76047904191617044       0.10000000000000001        0.0000000000000000     
  
  0.76047904191617044       0.10000000000000001        0.0000000000000000     
  0.76646706586826641       0.10000000000000001        0.0000000000000000     
  
  0.76646706586826641       0.10000000000000001        0.0000000000000000     
  0.77245508982036226       0.10000000000000001        0.0000000000000000     
  
  0.77245508982036226       0.10000000000000001        0.0000000000000000     
  0.77844311377245812       0.10000000000000002        0.0000000000000000     
  
  0.77844311377245812       0.10000000000000002        0.0000000000000000     
  0.78443113772455375       0.10000000000000001        0.0000000000000000     
  
  0.78443113772455375       0.10000000000000001        0.0000000000000000     
  0.79041916167664961       0.10000000000000001        0.0000000000000000     
  
  0.79041916167664961       0.10000000000000001        0.0000000000000000     
  0.79640718562874513       0.10000000000000001        0.0000000000000000     
  
  0.79640718562874513       0.10000000000000001        0.0000000000000000     
  0.80239520958084087       0.10000000000000001        0.0000000000000000     
  
  0.80239520958084087       0.10000000000000001        0.0000000000000000     
  0.80838323353293673       0.10000000000000002        0.0000000000000000     
  
  0.80838323353293673       0.10000000000000002        0.0000000000000000     
  0.81437125748503258       0.10000000000000001        0.0000000000000000     
  
  0.81437125748503258       0.10000000000000001        0.0000000000000000     
  0.82035928143712833       0.10000000000000001        0.0000000000000000     
  
  0.82035928143712833       0.10000000000000001        0.0000000000000000     
  0.82634730538922385       0.10000000000000001        0.0000000000000000     
  
  0.82634730538922385       0.10000000000000001        0.0000000000000000     
  0.83233532934131960       0.10000000000000001        0.0000000000000000     
  
  0.83233532934131960       0.10000000000000001        0.0000000000000000     
  0.83832335329341512        9.9999999999999978E-002   0.0000000000000000     
  
  0.83832335329341512        9.9999999999999978E-002   0.0000000000000000     
  0.84431137724551109       0.10000000000000001        0.0000000000000000     
  
  0.84431137724551109       0.10000000000000001        0.0000000000000000     
  0.85029940119760683       0.10000000000000002        0.0000000000000000     
  
  0.85029940119760683       0.10000000000000002        0.0000000000000000     
  0.85628742514970235        9.9999999999999978E-002   0.0000000000000000     
  
  0.85628742514970235        9.9999999999999978E-002   0.0000000000000000     
  0.86227544910179810        9.9999999999999992E-002   0.0000000000000000     
  
  0.86227544910179810        9.9999999999999992E-002   0.0000000000000000     
  0.86826347305389406       0.10000000000000001        0.0000000000000000     
  
  0.86826347305389406       0.10000000000000001        0.0000000000000000     
  0.87425149700598959        9.9999999999999978E-002   0.0000000000000000     
  
  0.87425149700598959        9.9999999999999978E-002   0.0000000000000000     
  0.88023952095808533       0.10000000000000001        0.0000000000000000     
  
  0.88023952095808533       0.10000000000000001        0.0000000000000000     
  0.88622754491018119       0.10000000000000002        0.0000000000000000     
  
  0.88622754491018119       0.10000000000000002        0.0000000000000000     
  0.89221556886227704       0.10000000000000002        0.0000000000000000     
  
  0.89221556886227704       0.10000000000000002        0.0000000000000000     
  0.89820359281437256       0.10000000000000001        0.0000000000000000     
  
  0.89820359281437256       0.10000000000000001        0.0000000000000000     
  0.90419161676646842       0.10000000000000002        0.0000000000000000     
  
  0.90419161676646842       0.10000000000000002        0.0000000000000000     
  0.91017964071856428       0.10000000000000003        0.0000000000000000     
  
  0.91017964071856428       0.10000000000000003        0.0000000000000000     
  0.91616766467065980       0.10000000000000001        0.0000000000000000     
  
  0.91616766467065980       0.10000000000000001        0.0000000000000000     
  0.92215568862275532        9.9999999999999992E-002   0.0000000000000000     
  
  0.92215568862275532        9.9999999999999992E-002   0.0000000000000000     
  0.92814371257485118        9.9999999999999978E-002   0.0000000000000000     
  
  0.92814371257485118        9.9999999999999978E-002   0.0000000000000000     
  0.93413173652694703       0.10000000000000001        0.0000000000000000     
  
  0.93413173652694703       0.10000000000000001        0.0000000000000000     
  0.94011976047904267        9.9999999999999992E-002   0.0000000000000000     
  
  0.94011976047904267        9.9999999999999992E-002   0.0000000000000000     
  0.94610778443113819        9.9999999999999978E-002   0.0000000000000000     
  
  0.94610778443113819        9.9999999999999978E-002   0.0000000000000000     
  0.95209580838323460       0.10000000000000003        0.0000000000000000     
  
  0.95209580838323460       0.10000000000000003        0.0000000000000000     
  0.95808383233533001       0.10000000000000002        0.0000000000000000     
  
  0.95808383233533001       0.10000000000000002        0.0000000000000000     
  0.96407185628742564       0.10000000000000001        0.0000000000000000     
  
  0.96407185628742564       0.10000000000000001        0.0000000000000000     
  0.97005988023952172       0.10000000000000002        0.0000000000000000     
  
  0.97005988023952172       0.10000000000000002        0.0000000000000000     
  0.97604790419161691        9.9999999999999978E-002   0.0000000000000000     
  
  0.97604790419161691        9.9999999999999978E-002   0.0000000000000000     
  0.98203592814371288       0.10000000000000001        0.0000000000000000     
  
  0.98203592814371288       0.10000000000000001        0.0000000000000000     
  0.98802395209580873       0.10000000000000002        0.0000000000000000     
  
  0.98802395209580873       0.10000000000000002        0.0000000000000000     
  0.99401197604790403        9.9999999999999978E-002   0.0000000000000000     
  
  0.99401197604790403        9.9999999999999978E-002   0.0000000000000000     
   1.0000000000000000       0.10000000000000001        0.0000000000000000     
  
   1.0000000000000000       0.10000000000000001        0.0000000000000000     
   1.0000000000000000        9.4117647058823584E-002   0.0000000000000000     
  
   1.0000000000000000        9.4117647058823584E-002   0.0000000000000000     
   1.0000000000000000        8.8235294117647189E-002   0.0000000000000000     
  
   1.0000000000000000        8.8235294117647189E-002   0.0000000000000000     
   1.0000000000000000        8.2352941176470823E-002   0.0000000000000000     
  
   1.0000000000000000        8.2352941176470823E-002   0.0000000000000000     
   1.0000000000000000        7.6470588235294429E-002   0.0000000000000000     
  
   1.0000000000000000        7.6470588235294429E-002   0.0000000000000000     
   1.0000000000000000        7.0588235294118090E-002   0.0000000000000000     
  
   1.0000000000000000        7.0588235294118090E-002   0.0000000000000000     
   1.0000000000000000        6.4705882352941668E-002   0.0000000000000000     
  
   1.0000000000000000        6.4705882352941668E-002   0.0000000000000000     
  0.99999999999999978        5.8823529411765246E-002   0.0000000000000000     
  
  0.99999999999999978        5.8823529411765246E-002   0.0000000000000000     
  0.99999999999999978        5.2941176470588845E-002   0.0000000000000000     
  
  0.99999999999999978        5.2941176470588845E-002   0.0000000000000000     
   1.0000000000000000        4.7058823529412361E-002   0.0000000000000000     
  
   1.0000000000000000        4.7058823529412361E-002   0.0000000000000000     
   1.0000000000000000        4.1176470588235856E-002   0.0000000000000000     
  
   1.0000000000000000        4.1176470588235856E-002   0.0000000000000000     
   1.0000000000000000        3.5294117647059309E-002   0.0000000000000000     
  
   1.0000000000000000        3.5294117647059309E-002   0.0000000000000000     
   1.0000000000000002        2.9411764705882713E-002   0.0000000000000000     
  
   1.0000000000000002        2.9411764705882713E-002   0.0000000000000000     
   1.0000000000000000        2.3529411764706049E-002   0.0000000000000000     
  
   1.0000000000000000        2.3529411764706049E-002   0.0000000000000000     
  0.99999999999999989        1.7647058823529477E-002   0.0000000000000000     
  
  0.99999999999999989        1.7647058823529477E-002   0.0000000000000000     
  0.99999999999999978        1.1764705882352858E-002   0.0000000000000000     
  
  0.99999999999999978        1.1764705882352858E-002   0.0000000000000000     
   1.0000000000000000        5.8823529411762415E-003   0.0000000000000000     
  
   1.0000000000000000        5.8823529411762415E-003   0.0000000000000000     
   1.0000000000000000        0.0000000000000000        0.0000000000000000     
  
   1.0000000000000000        0.0000000000000000        0.0000000000000000     
  0.99401197604790426        0.0000000000000000        0.0000000000000000     
  
  0.99401197604790426        0.0000000000000000        0.0000000000000000     
  0.98802395209580840        0.0000000000000000        0.0000000000000000     
  
  0.98802395209580840        0.0000000000000000        0.0000000000000000     
  0.98203592814371254        0.0000000000000000        0.0000000000000000     
  
  0.98203592814371254        0.0000000000000000        0.0000000000000000     
  0.97604790419161658        0.0000000000000000        0.0000000000000000     
  
  0.97604790419161658        0.0000000000000000        0.0000000000000000     
  0.97005988023952094        0.0000000000000000        0.0000000000000000     
  
  0.97005988023952094        0.0000000000000000        0.0000000000000000     
  0.96407185628742509        0.0000000000000000        0.0000000000000000     
  
  0.96407185628742509        0.0000000000000000        0.0000000000000000     
  0.95808383233532923        0.0000000000000000        0.0000000000000000     
  
  0.95808383233532923        0.0000000000000000        0.0000000000000000     
  0.95209580838323338        0.0000000000000000        0.0000000000000000     
  
  0.95209580838323338        0.0000000000000000        0.0000000000000000     
  0.94610778443113763        0.0000000000000000        0.0000000000000000     
  
  0.94610778443113763        0.0000000000000000        0.0000000000000000     
  0.94011976047904178        0.0000000000000000        0.0000000000000000     
  
  0.94011976047904178        0.0000000000000000        0.0000000000000000     
  0.93413173652694603        0.0000000000000000        0.0000000000000000     
  
  0.93413173652694603        0.0000000000000000        0.0000000000000000     
  0.92814371257485007        0.0000000000000000        0.0000000000000000     
  
  0.92814371257485007        0.0000000000000000        0.0000000000000000     
  0.92215568862275443        0.0000000000000000        0.0000000000000000     
  
  0.92215568862275443        0.0000000000000000        0.0000000000000000     
  0.91616766467065824        0.0000000000000000        0.0000000000000000     
  
  0.91616766467065824        0.0000000000000000        0.0000000000000000     
  0.91017964071856250        0.0000000000000000        0.0000000000000000     
  
  0.91017964071856250        0.0000000000000000        0.0000000000000000     
  0.90419161676646687        0.0000000000000000        0.0000000000000000     
  
  0.90419161676646687        0.0000000000000000        0.0000000000000000     
  0.89820359281437090        0.0000000000000000        0.0000000000000000     
  
  0.89820359281437090        0.0000000000000000        0.0000000000000000     
  0.89221556886227504        0.0000000000000000        0.0000000000000000     
  
  0.89221556886227504        0.0000000000000000        0.0000000000000000     
  0.88622754491017930        0.0000000000000000        0.0000000000000000     
  
  0.88622754491017930        0.0000000000000000        0.0000000000000000     
  0.88023952095808355        0.0000000000000000        0.0000000000000000     
  
  0.88023952095808355        0.0000000000000000        0.0000000000000000     
  0.87425149700598759        0.0000000000000000        0.0000000000000000     
  
  0.87425149700598759        0.0000000000000000        0.0000000000000000     
  0.86826347305389184        0.0000000000000000        0.0000000000000000     
  
  0.86826347305389184        0.0000000000000000        0.0000000000000000     
  0.86227544910179588        0.0000000000000000        0.0000000000000000     
  
  0.86227544910179588        0.0000000000000000        0.0000000000000000     
  0.85628742514970024        0.0000000000000000        0.0000000000000000     
  
  0.85628742514970024        0.0000000000000000        0.0000000000000000     
  0.85029940119760439        0.0000000000000000        0.0000000000000000     
  
  0.85029940119760439        0.0000000000000000        0.0000000000000000     
  0.84431137724550842        0.0000000000000000        0.0000000000000000     
  
  0.84431137724550842        0.0000000000000000        0.0000000000000000     
  0.83832335329341279        0.0000000000000000        0.0000000000000000     
  
  0.83832335329341279        0.0000000000000000        0.0000000000000000     
  0.83233532934131715        0.0000000000000000        0.0000000000000000     
  
  0.83233532934131715        0.0000000000000000        0.0000000000000000     
  0.82634730538922130        0.0000000000000000        0.0000000000000000     
  
  0.82634730538922130        0.0000000000000000        0.0000000000000000     
  0.82035928143712522        0.0000000000000000        0.0000000000000000     
  
  0.82035928143712522        0.0000000000000000        0.0000000000000000     
  0.81437125748502948        0.0000000000000000        0.0000000000000000     
  
  0.81437125748502948        0.0000000000000000        0.0000000000000000     
  0.80838323353293384        0.0000000000000000        0.0000000000000000     
  
  0.80838323353293384        0.0000000000000000        0.0000000000000000     
  0.80239520958083776        0.0000000000000000        0.0000000000000000     
  
  0.80239520958083776        0.0000000000000000        0.0000000000000000     
  0.79640718562874180        0.0000000000000000        0.0000000000000000     
  
  0.79640718562874180        0.0000000000000000        0.0000000000000000     
  0.79041916167664594        0.0000000000000000        0.0000000000000000     
  
  0.79041916167664594        0.0000000000000000        0.0000000000000000     
  0.78443113772455009        0.0000000000000000        0.0000000000000000     
  
  0.78443113772455009        0.0000000000000000        0.0000000000000000     
  0.77844311377245423        0.0000000000000000        0.0000000000000000     
  
  0.77844311377245423        0.0000000000000000        0.0000000000000000     
  0.77245508982035849        0.0000000000000000        0.0000000000000000     
  
  0.77245508982035849        0.0000000000000000        0.0000000000000000     
  0.76646706586826252        0.0000000000000000        0.0000000000000000     
  
  0.76646706586826252        0.0000000000000000        0.0000000000000000     
  0.76047904191616655        0.0000000000000000        0.0000000000000000     
  
  0.76047904191616655        0.0000000000000000        0.0000000000000000     
  0.75449101796407070        0.0000000000000000        0.0000000000000000     
  
  0.75449101796407070        0.0000000000000000        0.0000000000000000     
  0.74850299401197495        0.0000000000000000        0.0000000000000000     
  
  0.74850299401197495        0.0000000000000000        0.0000000000000000     
  0.74251497005987876        0.0000000000000000        0.0000000000000000     
  
  0.74251497005987876        0.0000000000000000        0.0000000000000000     
  0.73652694610778302        0.0000000000000000        0.0000000000000000     
  
  0.73652694610778302        0.0000000000000000        0.0000000000000000     
  0.73053892215568728        0.0000000000000000        0.0000000000000000     
  
  0.73053892215568728        0.0000000000000000        0.0000000000000000     
  0.72455089820359153        0.0000000000000000        0.0000000000000000     
  
  0.72455089820359153        0.0000000000000000        0.0000000000000000     
  0.71856287425149568        0.0000000000000000        0.0000000000000000     
  
  0.71856287425149568        0.0000000000000000        0.0000000000000000     
  0.71257485029939993        0.0000000000000000        0.0000000000000000     
  
  0.71257485029939993        0.0000000000000000        0.0000000000000000     
  0.70658682634730396        0.0000000000000000        0.0000000000000000     
  
  0.70658682634730396        0.0000000000000000        0.0000000000000000     
  0.70059880239520833        0.0000000000000000        0.0000000000000000     
  
  0.70059880239520833        0.0000000000000000        0.0000000000000000     
  0.69461077844311236        0.0000000000000000        0.0000000000000000     
  
  0.69461077844311236        0.0000000000000000        0.0000000000000000     
  0.68862275449101673        0.0000000000000000        0.0000000000000000     
  
  0.68862275449101673        0.0000000000000000        0.0000000000000000     
  0.68263473053892088        0.0000000000000000        0.0000000000000000     
  
  0.68263473053892088        0.0000000000000000        0.0000000000000000     
  0.67664670658682469        0.0000000000000000        0.0000000000000000     
  
  0.67664670658682469        0.0000000000000000        0.0000000000000000     
  0.67065868263472928        0.0000000000000000        0.0000000000000000     
  
  0.67065868263472928        0.0000000000000000        0.0000000000000000     
  0.66467065868263331        0.0000000000000000        0.0000000000000000     
  
  0.66467065868263331        0.0000000000000000        0.0000000000000000     
  0.65868263473053734        0.0000000000000000        0.0000000000000000     
  
  0.65868263473053734        0.0000000000000000        0.0000000000000000     
  0.65269461077844149        0.0000000000000000        0.0000000000000000     
  
  0.65269461077844149        0.0000000000000000        0.0000000000000000     
  0.64670658682634585        0.0000000000000000        0.0000000000000000     
  
  0.64670658682634585        0.0000000000000000        0.0000000000000000     
  0.64071856287424989        0.0000000000000000        0.0000000000000000     
  
  0.64071856287424989        0.0000000000000000        0.0000000000000000     
  0.63473053892215392        0.0000000000000000        0.0000000000000000     
  
  0.63473053892215392        0.0000000000000000        0.0000000000000000     
  0.62874251497005818        0.0000000000000000        0.0000000000000000     
  
  0.62874251497005818        0.0000000000000000        0.0000000000000000     
  0.62275449101796232        0.0000000000000000        0.0000000000000000     
  
  0.62275449101796232        0.0000000000000000        0.0000000000000000     
  0.61676646706586657        0.0000000000000000        0.0000000000000000     
  
  0.61676646706586657        0.0000000000000000        0.0000000000000000     
  0.61077844311377083        0.0000000000000000        0.0000000000000000     
  
  0.61077844311377083        0.0000000000000000        0.0000000000000000     
  0.60479041916167509        0.0000000000000000        0.0000000000000000     
  
  0.60479041916167509        0.0000000000000000        0.0000000000000000     
  0.59880239520957945        0.0000000000000000        0.0000000000000000     
  
  0.59880239520957945        0.0000000000000000        0.0000000000000000     
  0.59281437125748360        0.0000000000000000        0.0000000000000000     
  
  0.59281437125748360        0.0000000000000000        0.0000000000000000     
  0.58682634730538774        0.0000000000000000        0.0000000000000000     
  
  0.58682634730538774        0.0000000000000000        0.0000000000000000     
  0.58083832335329200        0.0000000000000000        0.0000000000000000     
  
  0.58083832335329200        0.0000000000000000        0.0000000000000000     
  0.57485029940119614        0.0000000000000000        0.0000000000000000     
  
  0.57485029940119614        0.0000000000000000        0.0000000000000000     
  0.56886227544910040        0.0000000000000000        0.0000000000000000     
  
  0.56886227544910040        0.0000000000000000        0.0000000000000000     
  0.56287425149700465        0.0000000000000000        0.0000000000000000     
  
  0.56287425149700465        0.0000000000000000        0.0000000000000000     
  0.55688622754490869        0.0000000000000000        0.0000000000000000     
  
  0.55688622754490869        0.0000000000000000        0.0000000000000000     
  0.55089820359281316        0.0000000000000000        0.0000000000000000     
  
  0.55089820359281316        0.0000000000000000        0.0000000000000000     
  0.54491017964071742        0.0000000000000000        0.0000000000000000     
  
  0.54491017964071742        0.0000000000000000        0.0000000000000000     
  0.53892215568862178        0.0000000000000000        0.0000000000000000     
  
  0.53892215568862178        0.0000000000000000        0.0000000000000000     
  0.53293413173652593        0.0000000000000000        0.0000000000000000     
  
  0.53293413173652593        0.0000000000000000        0.0000000000000000     
  0.52694610778443041        0.0000000000000000        0.0000000000000000     
  
  0.52694610778443041        0.0000000000000000        0.0000000000000000     
  0.52095808383233455        0.0000000000000000        0.0000000000000000     
  
  0.52095808383233455        0.0000000000000000        0.0000000000000000     
  0.51497005988023858        0.0000000000000000        0.0000000000000000     
  
  0.51497005988023858        0.0000000000000000        0.0000000000000000     
  0.50898203592814273        0.0000000000000000        0.0000000000000000     
  
  0.50898203592814273        0.0000000000000000        0.0000000000000000     
  0.50299401197604710        0.0000000000000000        0.0000000000000000     
  
  0.50299401197604710        0.0000000000000000        0.0000000000000000     
  0.49700598802395135        0.0000000000000000        0.0000000000000000     
  
  0.49700598802395135        0.0000000000000000        0.0000000000000000     
  0.49101796407185549        0.0000000000000000        0.0000000000000000     
  
  0.49101796407185549        0.0000000000000000        0.0000000000000000     
  0.48502994011975981        0.0000000000000000        0.0000000000000000     
  
  0.48502994011975981        0.0000000000000000        0.0000000000000000     
  0.47904191616766412        0.0000000000000000        0.0000000000000000     
  
  0.47904191616766412        0.0000000000000000        0.0000000000000000     
  0.47305389221556826        0.0000000000000000        0.0000000000000000     
  
  0.47305389221556826        0.0000000000000000        0.0000000000000000     
  0.46706586826347246        0.0000000000000000        0.0000000000000000     
  
  0.46706586826347246        0.0000000000000000        0.0000000000000000     
  0.46107784431137688        0.0000000000000000        0.0000000000000000     
  
  0.46107784431137688        0.0000000000000000        0.0000000000000000     
  0.45508982035928092        0.0000000000000000        0.0000000000000000     
  
  0.45508982035928092        0.0000000000000000        0.0000000000000000     
  0.44910179640718506        0.0000000000000000        0.0000000000000000     
  
  0.44910179640718506        0.0000000000000000        0.0000000000000000     
  0.44311377245508926        0.0000000000000000        0.0000000000000000     
  
  0.44311377245508926        0.0000000000000000        0.0000000000000000     
  0.43712574850299357        0.0000000000000000        0.0000000000000000     
  
  0.43712574850299357        0.0000000000000000        0.0000000000000000     
  0.43113772455089777        0.0000000000000000        0.0000000000000000     
  
  0.43113772455089777        0.0000000000000000        0.0000000000000000     
  0.42514970059880186        0.0000000000000000        0.0000000000000000     
  
  0.42514970059880186        0.0000000000000000        0.0000000000000000     
  0.41916167664670617        0.0000000000000000        0.0000000000000000     
  
  0.41916167664670617        0.0000000000000000        0.0000000000000000     
  0.41317365269461059        0.0000000000000000        0.0000000000000000     
  
  0.41317365269461059        0.0000000000000000        0.0000000000000000     
  0.40718562874251474        0.0000000000000000        0.0000000000000000     
  
  0.40718562874251474        0.0000000000000000        0.0000000000000000     
  0.40119760479041883        0.0000000000000000        0.0000000000000000     
  
  0.40119760479041883        0.0000000000000000        0.0000000000000000     
  0.39520958083832308        0.0000000000000000        0.0000000000000000     
  
  0.39520958083832308        0.0000000000000000        0.0000000000000000     
  0.38922155688622728        0.0000000000000000        0.0000000000000000     
  
  0.38922155688622728        0.0000000000000000        0.0000000000000000     
  0.38323353293413159        0.0000000000000000        0.0000000000000000     
  
  0.38323353293413159        0.0000000000000000        0.0000000000000000     
  0.37724550898203574        0.0000000000000000        0.0000000000000000     
  
  0.37724550898203574        0.0000000000000000        0.0000000000000000     
  0.37125748502993966        0.0000000000000000        0.0000000000000000     
  
  0.37125748502993966        0.0000000000000000        0.0000000000000000     
  0.36526946107784397        0.0000000000000000        0.0000000000000000     
  
  0.36526946107784397        0.0000000000000000        0.0000000000000000     
  0.35928143712574817        0.0000000000000000        0.0000000000000000     
  
  0.35928143712574817        0.0000000000000000        0.0000000000000000     
  0.35329341317365232        0.0000000000000000        0.0000000000000000     
  
  0.35329341317365232        0.0000000000000000        0.0000000000000000     
  0.34730538922155646        0.0000000000000000        0.0000000000000000     
  
  0.34730538922155646        0.0000000000000000        0.0000000000000000     
  0.34131736526946072        0.0000000000000000        0.0000000000000000     
  
  0.34131736526946072        0.0000000000000000        0.0000000000000000     
  0.33532934131736508        0.0000000000000000        0.0000000000000000     
  
  0.33532934131736508        0.0000000000000000        0.0000000000000000     
  0.32934131736526912        0.0000000000000000        0.0000000000000000     
  
  0.32934131736526912        0.0000000000000000        0.0000000000000000     
  0.32335329341317343        0.0000000000000000        0.0000000000000000     
  
  0.32335329341317343        0.0000000000000000        0.0000000000000000     
  0.31736526946107763        0.0000000000000000        0.0000000000000000     
  
  0.31736526946107763        0.0000000000000000        0.0000000000000000     
  0.31137724550898177        0.0000000000000000        0.0000000000000000     
  
  0.31137724550898177        0.0000000000000000        0.0000000000000000     
  0.30538922155688597        0.0000000000000000        0.0000000000000000     
  
  0.30538922155688597        0.0000000000000000        0.0000000000000000     
  0.29940119760479023        0.0000000000000000        0.0000000000000000     
  
  0.29940119760479023        0.0000000000000000        0.0000000000000000     
  0.29341317365269437        0.0000000000000000        0.0000000000000000     
  
  0.29341317365269437        0.0000000000000000        0.0000000000000000     
  0.28742514970059857        0.0000000000000000        0.0000000000000000     
  
  0.28742514970059857        0.0000000000000000        0.0000000000000000     
  0.28143712574850283        0.0000000000000000        0.0000000000000000     
  
  0.28143712574850283        0.0000000000000000        0.0000000000000000     
  0.27544910179640703        0.0000000000000000        0.0000000000000000     
  
  0.27544910179640703        0.0000000000000000        0.0000000000000000     
  0.26946107784431128        0.0000000000000000        0.0000000000000000     
  
  0.26946107784431128        0.0000000000000000        0.0000000000000000     
  0.26347305389221543        0.0000000000000000        0.0000000000000000     
  
  0.26347305389221543        0.0000000000000000        0.0000000000000000     
  0.25748502994011957        0.0000000000000000        0.0000000000000000     
  
  0.25748502994011957        0.0000000000000000        0.0000000000000000     
  0.25149700598802371        0.0000000000000000        0.0000000000000000     
  
  0.25149700598802371        0.0000000000000000        0.0000000000000000     
  0.24550898203592797        0.0000000000000000        0.0000000000000000     
  
  0.24550898203592797        0.0000000000000000        0.0000000000000000     
  0.23952095808383200        0.0000000000000000        0.0000000000000000     
  
  0.23952095808383200        0.0000000000000000        0.0000000000000000     
  0.23353293413173626        0.0000000000000000        0.0000000000000000     
  
  0.23353293413173626        0.0000000000000000        0.0000000000000000     
  0.22754491017964026        0.0000000000000000        0.0000000000000000     
  
  0.22754491017964026        0.0000000000000000        0.0000000000000000     
  0.22155688622754455        0.0000000000000000        0.0000000000000000     
  
  0.22155688622754455        0.0000000000000000        0.0000000000000000     
  0.21556886227544855        0.0000000000000000        0.0000000000000000     
  
  0.21556886227544855        0.0000000000000000        0.0000000000000000     
  0.20958083832335253        0.0000000000000000        0.0000000000000000     
  
  0.20958083832335253        0.0000000000000000        0.0000000000000000     
  0.20359281437125676        0.0000000000000000        0.0000000000000000     
  
  0.20359281437125676        0.0000000000000000        0.0000000000000000     
  0.19760479041916101        0.0000000000000000        0.0000000000000000     
  
  0.19760479041916101        0.0000000000000000        0.0000000000000000     
  0.19161676646706516        0.0000000000000000        0.0000000000000000     
  
  0.19161676646706516        0.0000000000000000        0.0000000000000000     
  0.18562874251496927        0.0000000000000000        0.0000000000000000     
  
  0.18562874251496927        0.0000000000000000        0.0000000000000000     
  0.17964071856287350        0.0000000000000000        0.0000000000000000     
  
  0.17964071856287350        0.0000000000000000        0.0000000000000000     
  0.17365269461077787        0.0000000000000000        0.0000000000000000     
  
  0.17365269461077787        0.0000000000000000        0.0000000000000000     
  0.16766467065868190        0.0000000000000000        0.0000000000000000     
  
  0.16766467065868190        0.0000000000000000        0.0000000000000000     
  0.16167664670658591        0.0000000000000000        0.0000000000000000     
  
  0.16167664670658591        0.0000000000000000        0.0000000000000000     
  0.15568862275449002        0.0000000000000000        0.0000000000000000     
  
  0.15568862275449002        0.0000000000000000        0.0000000000000000     
  0.14970059880239420        0.0000000000000000        0.0000000000000000     
  
  0.14970059880239420        0.0000000000000000        0.0000000000000000     
  0.14371257485029854        0.0000000000000000        0.0000000000000000     
  
  0.14371257485029854        0.0000000000000000        0.0000000000000000     
  0.13772455089820254        0.0000000000000000        0.0000000000000000     
  
  0.13772455089820254        0.0000000000000000        0.0000000000000000     
  0.13173652694610655        0.0000000000000000        0.0000000000000000     
  
  0.13173652694610655        0.0000000000000000        0.0000000000000000     
  0.12574850299401080        0.0000000000000000        0.0000000000000000     
  
  0.12574850299401080        0.0000000000000000        0.0000000000000000     
  0.11976047904191493        0.0000000000000000        0.0000000000000000     
  
  0.11976047904191493        0.0000000000000000        0.0000000000000000     
  0.11377245508981892        0.0000000000000000        0.0000000000000000     
  
  0.11377245508981892        0.0000000000000000        0.0000000000000000     
  0.10778443113772307        0.0000000000000000        0.0000000000000000     
  
  0.10778443113772307        0.0000000000000000        0.0000000000000000     
  0.10179640718562705        0.0000000000000000        0.0000000000000000     
  
  0.10179640718562705        0.0000000000000000        0.0000000000000000     
   9.5808383233531247E-002   0.0000000000000000        0.0000000000000000     
  
   9.5808383233531247E-002   0.0000000000000000        0.0000000000000000     
   8.9820359281435586E-002   0.0000000000000000        0.0000000000000000     
  
   8.9820359281435586E-002   0.0000000000000000        0.0000000000000000     
   8.3832335329339883E-002   0.0000000000000000        0.0000000000000000     
  
   8.3832335329339883E-002   0.0000000000000000        0.0000000000000000     
   7.7844311377244221E-002   0.0000000000000000        0.0000000000000000     
  
   7.7844311377244221E-002   0.0000000000000000        0.0000000000000000     
   7.1856287425148477E-002   0.0000000000000000        0.0000000000000000     
  
   7.1856287425148477E-002   0.0000000000000000        0.0000000000000000     
   6.5868263473052746E-002   0.0000000000000000        0.0000000000000000     
  
   6.5868263473052746E-002   0.0000000000000000        0.0000000000000000     
   5.9880239520957099E-002   0.0000000000000000        0.0000000000000000     
  
   5.9880239520957099E-002   0.0000000000000000        0.0000000000000000     
   5.3892215568861354E-002   0.0000000000000000        0.0000000000000000     
  
   5.3892215568861354E-002   0.0000000000000000        0.0000000000000000     
   4.7904191616765630E-002   0.0000000000000000        0.0000000000000000     
  
   4.7904191616765630E-002   0.0000000000000000        0.0000000000000000     
   4.1916167664669990E-002   0.0000000000000000        0.0000000000000000     
  
   4.1916167664669990E-002   0.0000000000000000        0.0000000000000000     
   3.5928143712574238E-002   0.0000000000000000        0.0000000000000000     
  
   3.5928143712574238E-002   0.0000000000000000        0.0000000000000000     
   2.9940119760478497E-002   0.0000000000000000        0.0000000000000000     
  
   2.9940119760478497E-002   0.0000000000000000        0.0000000000000000     
   2.3952095808382867E-002   0.0000000000000000        0.0000000000000000     
  
   2.3952095808382867E-002   0.0000000000000000        0.0000000000000000     
   1.7964071856287126E-002   0.0000000000000000        0.0000000000000000     
  
   1.7964071856287126E-002   0.0000000000000000        0.0000000000000000     
   1.1976047904191486E-002   0.0000000000000000        0.0000000000000000     
  
   1.1976047904191486E-002   0.0000000000000000        0.0000000000000000     
   5.9880239520957428E-003   0.0000000000000000        0.0000000000000000     
  
   5.9880239520957428E-003   0.0000000000000000        0.0000000000000000     
   0.0000000000000000        0.0000000000000000        0.0000000000000000     
  
