#energy per mode
# t  ec mode
       0.200000000E-02         0.168100745E-37         0.420251862E-38         0.420251862E-38         0.168100745E-37         0.000000000E+00
       0.200000000E-01         0.981078157E-37         0.245269539E-37         0.245269539E-37         0.981078157E-37         0.000000000E+00
       0.400000000E-01         0.222335544E-36         0.555838861E-37         0.555838861E-37         0.222335544E-36         0.000000000E+00
       0.600000000E-01         0.517146192E-36         0.129286548E-36         0.129286548E-36         0.517146192E-36         0.000000000E+00
       0.800000000E-01         0.968820344E-36         0.242205086E-36         0.242205086E-36         0.968820344E-36         0.000000000E+00
       0.100000000E+00         0.132413067E-35         0.331032667E-36         0.331032667E-36         0.132413067E-35         0.000000000E+00
       0.120000000E+00         0.223228914E-35         0.558072284E-36         0.558072284E-36         0.223228914E-35         0.000000000E+00
       0.140000000E+00         0.418845101E-35         0.104711275E-35         0.104711275E-35         0.418845101E-35         0.000000000E+00
       0.160000000E+00         0.806942204E-35         0.201735551E-35         0.201735551E-35         0.806942204E-35         0.000000000E+00
       0.180000000E+00         0.131496832E-34         0.328742080E-35         0.328742080E-35         0.131496832E-34         0.000000000E+00
       0.200000000E+00         0.165428223E-34         0.413570557E-35         0.413570557E-35         0.165428223E-34         0.000000000E+00
       0.220000000E+00         0.184279846E-34         0.460699614E-35         0.460699614E-35         0.184279846E-34         0.000000000E+00
       0.240000000E+00         0.192115817E-34         0.480289543E-35         0.480289543E-35         0.192115817E-34         0.000000000E+00
       0.260000000E+00         0.200719061E-34         0.501797653E-35         0.501797653E-35         0.200719061E-34         0.000000000E+00
       0.280000000E+00         0.213335319E-34         0.533338299E-35         0.533338299E-35         0.213335319E-34         0.000000000E+00
       0.300000000E+00         0.230894609E-34         0.577236523E-35         0.577236523E-35         0.230894609E-34         0.000000000E+00
       0.320000000E+00         0.249723547E-34         0.624308867E-35         0.624308867E-35         0.249723547E-34         0.000000000E+00
       0.340000000E+00         0.272605181E-34         0.681512954E-35         0.681512954E-35         0.272605181E-34         0.000000000E+00
       0.360000000E+00         0.292704110E-34         0.731760275E-35         0.731760275E-35         0.292704110E-34         0.000000000E+00
       0.380000000E+00         0.310314984E-34         0.775787459E-35         0.775787459E-35         0.310314984E-34         0.000000000E+00
       0.400000000E+00         0.318813346E-34         0.797033364E-35         0.797033364E-35         0.318813346E-34         0.000000000E+00
       0.420000000E+00         0.328837264E-34         0.822093159E-35         0.822093159E-35         0.328837264E-34         0.000000000E+00
       0.440000000E+00         0.335077607E-34         0.837694016E-35         0.837694016E-35         0.335077607E-34         0.000000000E+00
       0.460000000E+00         0.343785459E-34         0.859463648E-35         0.859463648E-35         0.343785459E-34         0.000000000E+00
       0.480000000E+00         0.353865206E-34         0.884663014E-35         0.884663014E-35         0.353865206E-34         0.000000000E+00
       0.500000000E+00         0.367430191E-34         0.918575477E-35         0.918575477E-35         0.367430191E-34         0.000000000E+00
       0.520000000E+00         0.385236639E-34         0.963091597E-35         0.963091597E-35         0.385236639E-34         0.000000000E+00
       0.540000000E+00         0.406618417E-34         0.101654604E-34         0.101654604E-34         0.406618417E-34         0.000000000E+00
       0.560000000E+00         0.427532967E-34         0.106883242E-34         0.106883242E-34         0.427532967E-34         0.000000000E+00
       0.580000000E+00         0.444588700E-34         0.111147175E-34         0.111147175E-34         0.444588700E-34         0.000000000E+00
       0.600000000E+00         0.459507278E-34         0.114876819E-34         0.114876819E-34         0.459507278E-34         0.000000000E+00
       0.620000000E+00         0.477566844E-34         0.119391711E-34         0.119391711E-34         0.477566844E-34         0.000000000E+00
       0.640000000E+00         0.496512014E-34         0.124128004E-34         0.124128004E-34         0.496512014E-34         0.000000000E+00
       0.660000000E+00         0.513475777E-34         0.128368944E-34         0.128368944E-34         0.513475777E-34         0.000000000E+00
       0.680000000E+00         0.517305888E-34         0.129326472E-34         0.129326472E-34         0.517305888E-34         0.000000000E+00
       0.700000000E+00         0.515179463E-34         0.128794866E-34         0.128794866E-34         0.515179463E-34         0.000000000E+00
       0.720000000E+00         0.508695338E-34         0.127173834E-34         0.127173834E-34         0.508695338E-34         0.000000000E+00
       0.740000000E+00         0.502164491E-34         0.125541123E-34         0.125541123E-34         0.502164491E-34         0.000000000E+00
       0.760000000E+00         0.498096488E-34         0.124524122E-34         0.124524122E-34         0.498096488E-34         0.000000000E+00
       0.780000000E+00         0.497724038E-34         0.124431010E-34         0.124431010E-34         0.497724038E-34         0.000000000E+00
       0.800000000E+00         0.505240479E-34         0.126310120E-34         0.126310120E-34         0.505240479E-34         0.000000000E+00
       0.820000000E+00         0.519470727E-34         0.129867682E-34         0.129867682E-34         0.519470727E-34         0.000000000E+00
       0.840000000E+00         0.531057389E-34         0.132764347E-34         0.132764347E-34         0.531057389E-34         0.000000000E+00
       0.860000000E+00         0.534467354E-34         0.133616838E-34         0.133616838E-34         0.534467354E-34         0.000000000E+00
       0.880000000E+00         0.528479841E-34         0.132119960E-34         0.132119960E-34         0.528479841E-34         0.000000000E+00
       0.900000000E+00         0.513552775E-34         0.128388194E-34         0.128388194E-34         0.513552775E-34         0.000000000E+00
       0.920000000E+00         0.490600354E-34         0.122650089E-34         0.122650089E-34         0.490600354E-34         0.000000000E+00
       0.940000000E+00         0.466363762E-34         0.116590941E-34         0.116590941E-34         0.466363762E-34         0.000000000E+00
       0.960000000E+00         0.450772532E-34         0.112693133E-34         0.112693133E-34         0.450772532E-34         0.000000000E+00
       0.980000000E+00         0.440175669E-34         0.110043917E-34         0.110043917E-34         0.440175669E-34         0.000000000E+00
       0.100000000E+01         0.439895431E-34         0.109973858E-34         0.109973858E-34         0.439895431E-34         0.000000000E+00
       0.102000000E+01         0.453139875E-34         0.113284969E-34         0.113284969E-34         0.453139875E-34         0.000000000E+00
       0.104000000E+01         0.474159316E-34         0.118539829E-34         0.118539829E-34         0.474159316E-34         0.000000000E+00
       0.106000000E+01         0.488834890E-34         0.122208722E-34         0.122208722E-34         0.488834890E-34         0.000000000E+00
       0.108000000E+01         0.503148828E-34         0.125787207E-34         0.125787207E-34         0.503148828E-34         0.000000000E+00
       0.110000000E+01         0.525587558E-34         0.131396889E-34         0.131396889E-34         0.525587558E-34         0.000000000E+00
       0.112000000E+01         0.547835474E-34         0.136958869E-34         0.136958869E-34         0.547835474E-34         0.000000000E+00
       0.114000000E+01         0.567478319E-34         0.141869580E-34         0.141869580E-34         0.567478319E-34         0.000000000E+00
       0.116000000E+01         0.574429482E-34         0.143607370E-34         0.143607370E-34         0.574429482E-34         0.000000000E+00
       0.118000000E+01         0.573750412E-34         0.143437603E-34         0.143437603E-34         0.573750412E-34         0.000000000E+00
       0.120000000E+01         0.567616650E-34         0.141904163E-34         0.141904163E-34         0.567616650E-34         0.000000000E+00
       0.122000000E+01         0.557230702E-34         0.139307676E-34         0.139307676E-34         0.557230702E-34         0.000000000E+00
       0.124000000E+01         0.537793125E-34         0.134448281E-34         0.134448281E-34         0.537793125E-34         0.000000000E+00
       0.126000000E+01         0.511508820E-34         0.127877205E-34         0.127877205E-34         0.511508820E-34         0.000000000E+00
       0.128000000E+01         0.480493804E-34         0.120123451E-34         0.120123451E-34         0.480493804E-34         0.000000000E+00
       0.130000000E+01         0.451156881E-34         0.112789220E-34         0.112789220E-34         0.451156881E-34         0.000000000E+00
       0.132000000E+01         0.429167108E-34         0.107291777E-34         0.107291777E-34         0.429167108E-34         0.000000000E+00
       0.134000000E+01         0.417425516E-34         0.104356379E-34         0.104356379E-34         0.417425516E-34         0.000000000E+00
       0.136000000E+01         0.410783943E-34         0.102695986E-34         0.102695986E-34         0.410783943E-34         0.000000000E+00
       0.138000000E+01         0.413318720E-34         0.103329680E-34         0.103329680E-34         0.413318720E-34         0.000000000E+00
       0.140000000E+01         0.423445398E-34         0.105861349E-34         0.105861349E-34         0.423445398E-34         0.000000000E+00
       0.142000000E+01         0.439862700E-34         0.109965675E-34         0.109965675E-34         0.439862700E-34         0.000000000E+00
       0.144000000E+01         0.449791127E-34         0.112447782E-34         0.112447782E-34         0.449791127E-34         0.000000000E+00
       0.146000000E+01         0.461339948E-34         0.115334987E-34         0.115334987E-34         0.461339948E-34         0.000000000E+00
       0.148000000E+01         0.477983495E-34         0.119495874E-34         0.119495874E-34         0.477983495E-34         0.000000000E+00
       0.150000000E+01         0.501674337E-34         0.125418584E-34         0.125418584E-34         0.501674337E-34         0.000000000E+00
       0.152000000E+01         0.533120660E-34         0.133280165E-34         0.133280165E-34         0.533120660E-34         0.000000000E+00
       0.154000000E+01         0.565881593E-34         0.141470398E-34         0.141470398E-34         0.565881593E-34         0.000000000E+00
       0.156000000E+01         0.592906198E-34         0.148226550E-34         0.148226550E-34         0.592906198E-34         0.000000000E+00
       0.158000000E+01         0.608223139E-34         0.152055785E-34         0.152055785E-34         0.608223139E-34         0.000000000E+00
       0.160000000E+01         0.616226993E-34         0.154056748E-34         0.154056748E-34         0.616226993E-34         0.000000000E+00
       0.162000000E+01         0.619290105E-34         0.154822526E-34         0.154822526E-34         0.619290105E-34         0.000000000E+00
       0.164000000E+01         0.623980673E-34         0.155995168E-34         0.155995168E-34         0.623980673E-34         0.000000000E+00
       0.166000000E+01         0.624863656E-34         0.156215914E-34         0.156215914E-34         0.624863656E-34         0.000000000E+00
       0.168000000E+01         0.628496533E-34         0.157124133E-34         0.157124133E-34         0.628496533E-34         0.000000000E+00
       0.170000000E+01         0.638362418E-34         0.159590604E-34         0.159590604E-34         0.638362418E-34         0.000000000E+00
       0.172000000E+01         0.639858134E-34         0.159964534E-34         0.159964534E-34         0.639858134E-34         0.000000000E+00
       0.174000000E+01         0.627076782E-34         0.156769195E-34         0.156769195E-34         0.627076782E-34         0.000000000E+00
       0.176000000E+01         0.610324770E-34         0.152581193E-34         0.152581193E-34         0.610324770E-34         0.000000000E+00
       0.178000000E+01         0.599951604E-34         0.149987901E-34         0.149987901E-34         0.599951604E-34         0.000000000E+00
       0.180000000E+01         0.592204731E-34         0.148051183E-34         0.148051183E-34         0.592204731E-34         0.000000000E+00
       0.182000000E+01         0.587604768E-34         0.146901192E-34         0.146901192E-34         0.587604768E-34         0.000000000E+00
       0.184000000E+01         0.583605628E-34         0.145901407E-34         0.145901407E-34         0.583605628E-34         0.000000000E+00
       0.186000000E+01         0.583168044E-34         0.145792011E-34         0.145792011E-34         0.583168044E-34         0.000000000E+00
       0.188000000E+01         0.589896627E-34         0.147474157E-34         0.147474157E-34         0.589896627E-34         0.000000000E+00
       0.190000000E+01         0.597736282E-34         0.149434071E-34         0.149434071E-34         0.597736282E-34         0.000000000E+00
       0.192000000E+01         0.602108051E-34         0.150527013E-34         0.150527013E-34         0.602108051E-34         0.000000000E+00
       0.194000000E+01         0.604701732E-34         0.151175433E-34         0.151175433E-34         0.604701732E-34         0.000000000E+00
       0.196000000E+01         0.603586951E-34         0.150896738E-34         0.150896738E-34         0.603586951E-34         0.000000000E+00
       0.198000000E+01         0.605393249E-34         0.151348312E-34         0.151348312E-34         0.605393249E-34         0.000000000E+00
       0.200000000E+01         0.604893851E-34         0.151223463E-34         0.151223463E-34         0.604893851E-34         0.000000000E+00
       0.202000000E+01         0.608014656E-34         0.152003664E-34         0.152003664E-34         0.608014656E-34         0.000000000E+00
       0.204000000E+01         0.613077317E-34         0.153269329E-34         0.153269329E-34         0.613077317E-34         0.000000000E+00
       0.206000000E+01         0.617301726E-34         0.154325431E-34         0.154325431E-34         0.617301726E-34         0.000000000E+00
       0.208000000E+01         0.625639616E-34         0.156409904E-34         0.156409904E-34         0.625639616E-34         0.000000000E+00
       0.210000000E+01         0.641259279E-34         0.160314820E-34         0.160314820E-34         0.641259279E-34         0.000000000E+00
       0.212000000E+01         0.669876125E-34         0.167469031E-34         0.167469031E-34         0.669876125E-34         0.000000000E+00
       0.214000000E+01         0.700527205E-34         0.175131801E-34         0.175131801E-34         0.700527205E-34         0.000000000E+00
       0.216000000E+01         0.728699064E-34         0.182174766E-34         0.182174766E-34         0.728699064E-34         0.000000000E+00
       0.218000000E+01         0.750930346E-34         0.187732586E-34         0.187732586E-34         0.750930346E-34         0.000000000E+00
       0.220000000E+01         0.769559358E-34         0.192389840E-34         0.192389840E-34         0.769559358E-34         0.000000000E+00
       0.222000000E+01         0.790630138E-34         0.197657534E-34         0.197657534E-34         0.790630138E-34         0.000000000E+00
       0.224000000E+01         0.805013613E-34         0.201253403E-34         0.201253403E-34         0.805013613E-34         0.000000000E+00
       0.226000000E+01         0.812275948E-34         0.203068987E-34         0.203068987E-34         0.812275948E-34         0.000000000E+00
       0.228000000E+01         0.820099764E-34         0.205024941E-34         0.205024941E-34         0.820099764E-34         0.000000000E+00
       0.230000000E+01         0.824800118E-34         0.206200029E-34         0.206200029E-34         0.824800118E-34         0.000000000E+00
       0.232000000E+01         0.828213182E-34         0.207053296E-34         0.207053296E-34         0.828213182E-34         0.000000000E+00
       0.234000000E+01         0.825129468E-34         0.206282367E-34         0.206282367E-34         0.825129468E-34         0.000000000E+00
       0.236000000E+01         0.816791319E-34         0.204197830E-34         0.204197830E-34         0.816791319E-34         0.000000000E+00
       0.238000000E+01         0.809583931E-34         0.202395983E-34         0.202395983E-34         0.809583931E-34         0.000000000E+00
       0.240000000E+01         0.808710538E-34         0.202177635E-34         0.202177635E-34         0.808710538E-34         0.000000000E+00
       0.242000000E+01         0.803322908E-34         0.200830727E-34         0.200830727E-34         0.803322908E-34         0.000000000E+00
       0.244000000E+01         0.792816524E-34         0.198204131E-34         0.198204131E-34         0.792816524E-34         0.000000000E+00
       0.246000000E+01         0.785235817E-34         0.196308954E-34         0.196308954E-34         0.785235817E-34         0.000000000E+00
       0.248000000E+01         0.783309776E-34         0.195827444E-34         0.195827444E-34         0.783309776E-34         0.000000000E+00
       0.250000000E+01         0.784246358E-34         0.196061590E-34         0.196061590E-34         0.784246358E-34         0.000000000E+00
       0.252000000E+01         0.780246687E-34         0.195061672E-34         0.195061672E-34         0.780246687E-34         0.000000000E+00
       0.254000000E+01         0.777194824E-34         0.194298706E-34         0.194298706E-34         0.777194824E-34         0.000000000E+00
       0.256000000E+01         0.775440365E-34         0.193860091E-34         0.193860091E-34         0.775440365E-34         0.000000000E+00
       0.258000000E+01         0.773915648E-34         0.193478912E-34         0.193478912E-34         0.773915648E-34         0.000000000E+00
       0.260000000E+01         0.775386134E-34         0.193846533E-34         0.193846533E-34         0.775386134E-34         0.000000000E+00
       0.262000000E+01         0.783478713E-34         0.195869678E-34         0.195869678E-34         0.783478713E-34         0.000000000E+00
       0.264000000E+01         0.792741044E-34         0.198185261E-34         0.198185261E-34         0.792741044E-34         0.000000000E+00
       0.266000000E+01         0.799258726E-34         0.199814681E-34         0.199814681E-34         0.799258726E-34         0.000000000E+00
       0.268000000E+01         0.795997020E-34         0.198999255E-34         0.198999255E-34         0.795997020E-34         0.000000000E+00
       0.270000000E+01         0.788674559E-34         0.197168640E-34         0.197168640E-34         0.788674559E-34         0.000000000E+00
       0.272000000E+01         0.782890719E-34         0.195722680E-34         0.195722680E-34         0.782890719E-34         0.000000000E+00
       0.274000000E+01         0.782917455E-34         0.195729364E-34         0.195729364E-34         0.782917455E-34         0.000000000E+00
       0.276000000E+01         0.780244057E-34         0.195061014E-34         0.195061014E-34         0.780244057E-34         0.000000000E+00
       0.278000000E+01         0.773508818E-34         0.193377204E-34         0.193377204E-34         0.773508818E-34         0.000000000E+00
       0.280000000E+01         0.759792044E-34         0.189948011E-34         0.189948011E-34         0.759792044E-34         0.000000000E+00
       0.282000000E+01         0.743814884E-34         0.185953721E-34         0.185953721E-34         0.743814884E-34         0.000000000E+00
       0.284000000E+01         0.732884586E-34         0.183221147E-34         0.183221147E-34         0.732884586E-34         0.000000000E+00
       0.286000000E+01         0.723930480E-34         0.180982620E-34         0.180982620E-34         0.723930480E-34         0.000000000E+00
       0.288000000E+01         0.714174108E-34         0.178543527E-34         0.178543527E-34         0.714174108E-34         0.000000000E+00
       0.290000000E+01         0.707551131E-34         0.176887783E-34         0.176887783E-34         0.707551131E-34         0.000000000E+00
       0.292000000E+01         0.703558209E-34         0.175889552E-34         0.175889552E-34         0.703558209E-34         0.000000000E+00
       0.294000000E+01         0.705059186E-34         0.176264797E-34         0.176264797E-34         0.705059186E-34         0.000000000E+00
       0.296000000E+01         0.708363404E-34         0.177090851E-34         0.177090851E-34         0.708363404E-34         0.000000000E+00
       0.298000000E+01         0.716812693E-34         0.179203173E-34         0.179203173E-34         0.716812693E-34         0.000000000E+00
       0.300000000E+01         0.722254361E-34         0.180563590E-34         0.180563590E-34         0.722254361E-34         0.000000000E+00
       0.302000000E+01         0.723862980E-34         0.180965745E-34         0.180965745E-34         0.723862980E-34         0.000000000E+00
       0.304000000E+01         0.729824299E-34         0.182456075E-34         0.182456075E-34         0.729824299E-34         0.000000000E+00
       0.306000000E+01         0.739411407E-34         0.184852852E-34         0.184852852E-34         0.739411407E-34         0.000000000E+00
       0.308000000E+01         0.745441730E-34         0.186360433E-34         0.186360433E-34         0.745441730E-34         0.000000000E+00
       0.310000000E+01         0.753107811E-34         0.188276953E-34         0.188276953E-34         0.753107811E-34         0.000000000E+00
       0.312000000E+01         0.763697846E-34         0.190924462E-34         0.190924462E-34         0.763697846E-34         0.000000000E+00
       0.314000000E+01         0.769189327E-34         0.192297332E-34         0.192297332E-34         0.769189327E-34         0.000000000E+00
       0.316000000E+01         0.768202443E-34         0.192050611E-34         0.192050611E-34         0.768202443E-34         0.000000000E+00
       0.318000000E+01         0.765433946E-34         0.191358487E-34         0.191358487E-34         0.765433946E-34         0.000000000E+00
       0.320000000E+01         0.762656652E-34         0.190664163E-34         0.190664163E-34         0.762656652E-34         0.000000000E+00
       0.322000000E+01         0.765371467E-34         0.191342867E-34         0.191342867E-34         0.765371467E-34         0.000000000E+00
       0.324000000E+01         0.770319661E-34         0.192579915E-34         0.192579915E-34         0.770319661E-34         0.000000000E+00
       0.326000000E+01         0.780709753E-34         0.195177438E-34         0.195177438E-34         0.780709753E-34         0.000000000E+00
       0.328000000E+01         0.794756934E-34         0.198689233E-34         0.198689233E-34         0.794756934E-34         0.000000000E+00
       0.330000000E+01         0.806652990E-34         0.201663247E-34         0.201663247E-34         0.806652990E-34         0.000000000E+00
       0.332000000E+01         0.818438561E-34         0.204609640E-34         0.204609640E-34         0.818438561E-34         0.000000000E+00
       0.334000000E+01         0.824523055E-34         0.206130764E-34         0.206130764E-34         0.824523055E-34         0.000000000E+00
       0.336000000E+01         0.826466396E-34         0.206616599E-34         0.206616599E-34         0.826466396E-34         0.000000000E+00
       0.338000000E+01         0.822361444E-34         0.205590361E-34         0.205590361E-34         0.822361444E-34         0.000000000E+00
       0.340000000E+01         0.815179982E-34         0.203794995E-34         0.203794995E-34         0.815179982E-34         0.000000000E+00
       0.342000000E+01         0.807707766E-34         0.201926942E-34         0.201926942E-34         0.807707766E-34         0.000000000E+00
       0.344000000E+01         0.802108850E-34         0.200527213E-34         0.200527213E-34         0.802108850E-34         0.000000000E+00
       0.346000000E+01         0.797596788E-34         0.199399197E-34         0.199399197E-34         0.797596788E-34         0.000000000E+00
       0.348000000E+01         0.786838209E-34         0.196709552E-34         0.196709552E-34         0.786838209E-34         0.000000000E+00
       0.350000000E+01         0.776671914E-34         0.194167979E-34         0.194167979E-34         0.776671914E-34         0.000000000E+00
       0.352000000E+01         0.770696344E-34         0.192674086E-34         0.192674086E-34         0.770696344E-34         0.000000000E+00
       0.354000000E+01         0.768719442E-34         0.192179861E-34         0.192179861E-34         0.768719442E-34         0.000000000E+00
       0.356000000E+01         0.766964860E-34         0.191741215E-34         0.191741215E-34         0.766964860E-34         0.000000000E+00
       0.358000000E+01         0.765838069E-34         0.191459517E-34         0.191459517E-34         0.765838069E-34         0.000000000E+00
       0.360000000E+01         0.766864144E-34         0.191716036E-34         0.191716036E-34         0.766864144E-34         0.000000000E+00
       0.362000000E+01         0.767954538E-34         0.191988635E-34         0.191988635E-34         0.767954538E-34         0.000000000E+00
       0.364000000E+01         0.770372431E-34         0.192593108E-34         0.192593108E-34         0.770372431E-34         0.000000000E+00
       0.366000000E+01         0.777817033E-34         0.194454258E-34         0.194454258E-34         0.777817033E-34         0.000000000E+00
       0.368000000E+01         0.784590715E-34         0.196147679E-34         0.196147679E-34         0.784590715E-34         0.000000000E+00
       0.370000000E+01         0.788788015E-34         0.197197004E-34         0.197197004E-34         0.788788015E-34         0.000000000E+00
       0.372000000E+01         0.787579203E-34         0.196894801E-34         0.196894801E-34         0.787579203E-34         0.000000000E+00
       0.374000000E+01         0.780069952E-34         0.195017488E-34         0.195017488E-34         0.780069952E-34         0.000000000E+00
       0.376000000E+01         0.766685781E-34         0.191671445E-34         0.191671445E-34         0.766685781E-34         0.000000000E+00
       0.378000000E+01         0.753712793E-34         0.188428198E-34         0.188428198E-34         0.753712793E-34         0.000000000E+00
       0.380000000E+01         0.744991599E-34         0.186247900E-34         0.186247900E-34         0.744991599E-34         0.000000000E+00
       0.382000000E+01         0.742830167E-34         0.185707542E-34         0.185707542E-34         0.742830167E-34         0.000000000E+00
       0.384000000E+01         0.742867895E-34         0.185716974E-34         0.185716974E-34         0.742867895E-34         0.000000000E+00
       0.386000000E+01         0.743444873E-34         0.185861218E-34         0.185861218E-34         0.743444873E-34         0.000000000E+00
       0.388000000E+01         0.744739471E-34         0.186184868E-34         0.186184868E-34         0.744739471E-34         0.000000000E+00
       0.390000000E+01         0.741494855E-34         0.185373714E-34         0.185373714E-34         0.741494855E-34         0.000000000E+00
       0.392000000E+01         0.734536080E-34         0.183634020E-34         0.183634020E-34         0.734536080E-34         0.000000000E+00
       0.394000000E+01         0.727022994E-34         0.181755749E-34         0.181755749E-34         0.727022994E-34         0.000000000E+00
       0.396000000E+01         0.724770646E-34         0.181192661E-34         0.181192661E-34         0.724770646E-34         0.000000000E+00
       0.398000000E+01         0.729754864E-34         0.182438716E-34         0.182438716E-34         0.729754864E-34         0.000000000E+00
       0.400000000E+01         0.736667222E-34         0.184166806E-34         0.184166806E-34         0.736667222E-34         0.000000000E+00
       0.402000000E+01         0.746142765E-34         0.186535691E-34         0.186535691E-34         0.746142765E-34         0.000000000E+00
       0.404000000E+01         0.755943649E-34         0.188985912E-34         0.188985912E-34         0.755943649E-34         0.000000000E+00
       0.406000000E+01         0.765506561E-34         0.191376640E-34         0.191376640E-34         0.765506561E-34         0.000000000E+00
       0.408000000E+01         0.771206961E-34         0.192801740E-34         0.192801740E-34         0.771206961E-34         0.000000000E+00
       0.410000000E+01         0.771841899E-34         0.192960475E-34         0.192960475E-34         0.771841899E-34         0.000000000E+00
       0.412000000E+01         0.768352526E-34         0.192088131E-34         0.192088131E-34         0.768352526E-34         0.000000000E+00
       0.414000000E+01         0.769663353E-34         0.192415838E-34         0.192415838E-34         0.769663353E-34         0.000000000E+00
       0.416000000E+01         0.773741507E-34         0.193435377E-34         0.193435377E-34         0.773741507E-34         0.000000000E+00
       0.418000000E+01         0.779678778E-34         0.194919695E-34         0.194919695E-34         0.779678778E-34         0.000000000E+00
       0.420000000E+01         0.785589572E-34         0.196397393E-34         0.196397393E-34         0.785589572E-34         0.000000000E+00
       0.422000000E+01         0.790641539E-34         0.197660385E-34         0.197660385E-34         0.790641539E-34         0.000000000E+00
       0.424000000E+01         0.796178114E-34         0.199044529E-34         0.199044529E-34         0.796178114E-34         0.000000000E+00
       0.426000000E+01         0.805311149E-34         0.201327787E-34         0.201327787E-34         0.805311149E-34         0.000000000E+00
       0.428000000E+01         0.812847957E-34         0.203211989E-34         0.203211989E-34         0.812847957E-34         0.000000000E+00
       0.430000000E+01         0.822586341E-34         0.205646585E-34         0.205646585E-34         0.822586341E-34         0.000000000E+00
       0.432000000E+01         0.830853040E-34         0.207713260E-34         0.207713260E-34         0.830853040E-34         0.000000000E+00
       0.434000000E+01         0.838324215E-34         0.209581054E-34         0.209581054E-34         0.838324215E-34         0.000000000E+00
       0.436000000E+01         0.847786709E-34         0.211946677E-34         0.211946677E-34         0.847786709E-34         0.000000000E+00
       0.438000000E+01         0.859435687E-34         0.214858922E-34         0.214858922E-34         0.859435687E-34         0.000000000E+00
       0.440000000E+01         0.869733990E-34         0.217433497E-34         0.217433497E-34         0.869733990E-34         0.000000000E+00
       0.442000000E+01         0.882350014E-34         0.220587503E-34         0.220587503E-34         0.882350014E-34         0.000000000E+00
       0.444000000E+01         0.891300368E-34         0.222825092E-34         0.222825092E-34         0.891300368E-34         0.000000000E+00
       0.446000000E+01         0.898038740E-34         0.224509685E-34         0.224509685E-34         0.898038740E-34         0.000000000E+00
       0.448000000E+01         0.900015136E-34         0.225003784E-34         0.225003784E-34         0.900015136E-34         0.000000000E+00
       0.450000000E+01         0.899640975E-34         0.224910244E-34         0.224910244E-34         0.899640975E-34         0.000000000E+00
       0.452000000E+01         0.901029841E-34         0.225257460E-34         0.225257460E-34         0.901029841E-34         0.000000000E+00
       0.454000000E+01         0.906427737E-34         0.226606934E-34         0.226606934E-34         0.906427737E-34         0.000000000E+00
       0.456000000E+01         0.916836082E-34         0.229209021E-34         0.229209021E-34         0.916836082E-34         0.000000000E+00
       0.458000000E+01         0.931632194E-34         0.232908049E-34         0.232908049E-34         0.931632194E-34         0.000000000E+00
       0.460000000E+01         0.946996667E-34         0.236749167E-34         0.236749167E-34         0.946996667E-34         0.000000000E+00
       0.462000000E+01         0.959345470E-34         0.239836367E-34         0.239836367E-34         0.959345470E-34         0.000000000E+00
       0.464000000E+01         0.966676817E-34         0.241669204E-34         0.241669204E-34         0.966676817E-34         0.000000000E+00
       0.466000000E+01         0.970111989E-34         0.242527997E-34         0.242527997E-34         0.970111989E-34         0.000000000E+00
       0.468000000E+01         0.972246926E-34         0.243061731E-34         0.243061731E-34         0.972246926E-34         0.000000000E+00
       0.470000000E+01         0.974522662E-34         0.243630666E-34         0.243630666E-34         0.974522662E-34         0.000000000E+00
       0.472000000E+01         0.979031068E-34         0.244757767E-34         0.244757767E-34         0.979031068E-34         0.000000000E+00
       0.474000000E+01         0.984787543E-34         0.246196886E-34         0.246196886E-34         0.984787543E-34         0.000000000E+00
       0.476000000E+01         0.992191364E-34         0.248047841E-34         0.248047841E-34         0.992191364E-34         0.000000000E+00
       0.478000000E+01         0.999689793E-34         0.249922448E-34         0.249922448E-34         0.999689793E-34         0.000000000E+00
       0.480000000E+01         0.101146534E-33         0.252866336E-34         0.252866336E-34         0.101146534E-33         0.000000000E+00
       0.482000000E+01         0.102473875E-33         0.256184688E-34         0.256184688E-34         0.102473875E-33         0.000000000E+00
       0.484000000E+01         0.103931863E-33         0.259829658E-34         0.259829658E-34         0.103931863E-33         0.000000000E+00
       0.486000000E+01         0.105315552E-33         0.263288879E-34         0.263288879E-34         0.105315552E-33         0.000000000E+00
       0.488000000E+01         0.106403171E-33         0.266007927E-34         0.266007927E-34         0.106403171E-33         0.000000000E+00
       0.490000000E+01         0.107119218E-33         0.267798045E-34         0.267798045E-34         0.107119218E-33         0.000000000E+00
       0.492000000E+01         0.107702303E-33         0.269255758E-34         0.269255758E-34         0.107702303E-33         0.000000000E+00
       0.494000000E+01         0.108067095E-33         0.270167737E-34         0.270167737E-34         0.108067095E-33         0.000000000E+00
       0.496000000E+01         0.108810298E-33         0.272025744E-34         0.272025744E-34         0.108810298E-33         0.000000000E+00
       0.498000000E+01         0.109566410E-33         0.273916024E-34         0.273916024E-34         0.109566410E-33         0.000000000E+00
       0.500000000E+01         0.110302887E-33         0.275757217E-34         0.275757217E-34         0.110302887E-33         0.000000000E+00
       0.502000000E+01         0.111446359E-33         0.278615897E-34         0.278615897E-34         0.111446359E-33         0.000000000E+00
       0.504000000E+01         0.112893840E-33         0.282234601E-34         0.282234601E-34         0.112893840E-33         0.000000000E+00
       0.506000000E+01         0.114404845E-33         0.286012113E-34         0.286012113E-34         0.114404845E-33         0.000000000E+00
       0.508000000E+01         0.115283975E-33         0.288209939E-34         0.288209939E-34         0.115283975E-33         0.000000000E+00
       0.510000000E+01         0.115932737E-33         0.289831843E-34         0.289831843E-34         0.115932737E-33         0.000000000E+00
       0.512000000E+01         0.116311261E-33         0.290778153E-34         0.290778153E-34         0.116311261E-33         0.000000000E+00
       0.514000000E+01         0.116402571E-33         0.291006426E-34         0.291006426E-34         0.116402571E-33         0.000000000E+00
       0.516000000E+01         0.116386178E-33         0.290965445E-34         0.290965445E-34         0.116386178E-33         0.000000000E+00
       0.518000000E+01         0.116485652E-33         0.291214129E-34         0.291214129E-34         0.116485652E-33         0.000000000E+00
       0.520000000E+01         0.116682454E-33         0.291706134E-34         0.291706134E-34         0.116682454E-33         0.000000000E+00
       0.522000000E+01         0.117168722E-33         0.292921806E-34         0.292921806E-34         0.117168722E-33         0.000000000E+00
       0.524000000E+01         0.117574348E-33         0.293935869E-34         0.293935869E-34         0.117574348E-33         0.000000000E+00
       0.526000000E+01         0.117657757E-33         0.294144394E-34         0.294144394E-34         0.117657757E-33         0.000000000E+00
       0.528000000E+01         0.117918642E-33         0.294796605E-34         0.294796605E-34         0.117918642E-33         0.000000000E+00
       0.530000000E+01         0.118480625E-33         0.296201563E-34         0.296201563E-34         0.118480625E-33         0.000000000E+00
       0.532000000E+01         0.119358411E-33         0.298396027E-34         0.298396027E-34         0.119358411E-33         0.000000000E+00
       0.534000000E+01         0.120244028E-33         0.300610071E-34         0.300610071E-34         0.120244028E-33         0.000000000E+00
       0.536000000E+01         0.120283006E-33         0.300707516E-34         0.300707516E-34         0.120283006E-33         0.000000000E+00
       0.538000000E+01         0.119683498E-33         0.299208746E-34         0.299208746E-34         0.119683498E-33         0.000000000E+00
       0.540000000E+01         0.118880571E-33         0.297201426E-34         0.297201426E-34         0.118880571E-33         0.000000000E+00
       0.542000000E+01         0.118224057E-33         0.295560141E-34         0.295560141E-34         0.118224057E-33         0.000000000E+00
       0.544000000E+01         0.117527208E-33         0.293818019E-34         0.293818019E-34         0.117527208E-33         0.000000000E+00
       0.546000000E+01         0.116875257E-33         0.292188143E-34         0.292188143E-34         0.116875257E-33         0.000000000E+00
       0.548000000E+01         0.116252225E-33         0.290630563E-34         0.290630563E-34         0.116252225E-33         0.000000000E+00
       0.550000000E+01         0.115867435E-33         0.289668588E-34         0.289668588E-34         0.115867435E-33         0.000000000E+00
       0.552000000E+01         0.115385682E-33         0.288464204E-34         0.288464204E-34         0.115385682E-33         0.000000000E+00
       0.554000000E+01         0.115046880E-33         0.287617201E-34         0.287617201E-34         0.115046880E-33         0.000000000E+00
       0.556000000E+01         0.115049218E-33         0.287623044E-34         0.287623044E-34         0.115049218E-33         0.000000000E+00
       0.558000000E+01         0.115385861E-33         0.288464652E-34         0.288464652E-34         0.115385861E-33         0.000000000E+00
       0.560000000E+01         0.116157703E-33         0.290394259E-34         0.290394259E-34         0.116157703E-33         0.000000000E+00
       0.562000000E+01         0.116232519E-33         0.290581297E-34         0.290581297E-34         0.116232519E-33         0.000000000E+00
       0.564000000E+01         0.116066633E-33         0.290166583E-34         0.290166583E-34         0.116066633E-33         0.000000000E+00
       0.566000000E+01         0.116270818E-33         0.290677044E-34         0.290677044E-34         0.116270818E-33         0.000000000E+00
       0.568000000E+01         0.116821081E-33         0.292052702E-34         0.292052702E-34         0.116821081E-33         0.000000000E+00
       0.570000000E+01         0.117588115E-33         0.293970289E-34         0.293970289E-34         0.117588115E-33         0.000000000E+00
       0.572000000E+01         0.117977483E-33         0.294943706E-34         0.294943706E-34         0.117977483E-33         0.000000000E+00
       0.574000000E+01         0.118283406E-33         0.295708514E-34         0.295708514E-34         0.118283406E-33         0.000000000E+00
       0.576000000E+01         0.118586164E-33         0.296465410E-34         0.296465410E-34         0.118586164E-33         0.000000000E+00
       0.578000000E+01         0.118899743E-33         0.297249357E-34         0.297249357E-34         0.118899743E-33         0.000000000E+00
       0.580000000E+01         0.119252178E-33         0.298130444E-34         0.298130444E-34         0.119252178E-33         0.000000000E+00
       0.582000000E+01         0.120348960E-33         0.300872401E-34         0.300872401E-34         0.120348960E-33         0.000000000E+00
       0.584000000E+01         0.121971753E-33         0.304929383E-34         0.304929383E-34         0.121971753E-33         0.000000000E+00
       0.586000000E+01         0.123500742E-33         0.308751854E-34         0.308751854E-34         0.123500742E-33         0.000000000E+00
       0.588000000E+01         0.124448700E-33         0.311121750E-34         0.311121750E-34         0.124448700E-33         0.000000000E+00
       0.590000000E+01         0.124956202E-33         0.312390506E-34         0.312390506E-34         0.124956202E-33         0.000000000E+00
       0.592000000E+01         0.125162285E-33         0.312905713E-34         0.312905713E-34         0.125162285E-33         0.000000000E+00
       0.594000000E+01         0.125396503E-33         0.313491257E-34         0.313491257E-34         0.125396503E-33         0.000000000E+00
       0.596000000E+01         0.125788732E-33         0.314471830E-34         0.314471830E-34         0.125788732E-33         0.000000000E+00
       0.598000000E+01         0.126114830E-33         0.315287074E-34         0.315287074E-34         0.126114830E-33         0.000000000E+00
       0.600000000E+01         0.126611154E-33         0.316527886E-34         0.316527886E-34         0.126611154E-33         0.000000000E+00
       0.602000000E+01         0.127127154E-33         0.317817885E-34         0.317817885E-34         0.127127154E-33         0.000000000E+00
       0.604000000E+01         0.127745958E-33         0.319364895E-34         0.319364895E-34         0.127745958E-33         0.000000000E+00
       0.606000000E+01         0.128391122E-33         0.320977805E-34         0.320977805E-34         0.128391122E-33         0.000000000E+00
       0.608000000E+01         0.129106641E-33         0.322766603E-34         0.322766603E-34         0.129106641E-33         0.000000000E+00
       0.610000000E+01         0.129945096E-33         0.324862741E-34         0.324862741E-34         0.129945096E-33         0.000000000E+00
       0.612000000E+01         0.131060706E-33         0.327651765E-34         0.327651765E-34         0.131060706E-33         0.000000000E+00
       0.614000000E+01         0.132034580E-33         0.330086451E-34         0.330086451E-34         0.132034580E-33         0.000000000E+00
       0.616000000E+01         0.132822296E-33         0.332055739E-34         0.332055739E-34         0.132822296E-33         0.000000000E+00
       0.618000000E+01         0.133409830E-33         0.333524575E-34         0.333524575E-34         0.133409830E-33         0.000000000E+00
       0.620000000E+01         0.133802216E-33         0.334505539E-34         0.334505539E-34         0.133802216E-33         0.000000000E+00
       0.622000000E+01         0.133962366E-33         0.334905914E-34         0.334905914E-34         0.133962366E-33         0.000000000E+00
       0.624000000E+01         0.134195729E-33         0.335489322E-34         0.335489322E-34         0.134195729E-33         0.000000000E+00
       0.626000000E+01         0.134253661E-33         0.335634153E-34         0.335634153E-34         0.134253661E-33         0.000000000E+00
       0.628000000E+01         0.134394371E-33         0.335985927E-34         0.335985927E-34         0.134394371E-33         0.000000000E+00
       0.630000000E+01         0.134486249E-33         0.336215622E-34         0.336215622E-34         0.134486249E-33         0.000000000E+00
       0.632000000E+01         0.134450936E-33         0.336127340E-34         0.336127340E-34         0.134450936E-33         0.000000000E+00
       0.634000000E+01         0.134700899E-33         0.336752249E-34         0.336752249E-34         0.134700899E-33         0.000000000E+00
       0.636000000E+01         0.135103882E-33         0.337759704E-34         0.337759704E-34         0.135103882E-33         0.000000000E+00
       0.638000000E+01         0.135296364E-33         0.338240911E-34         0.338240911E-34         0.135296364E-33         0.000000000E+00
       0.640000000E+01         0.135460650E-33         0.338651626E-34         0.338651626E-34         0.135460650E-33         0.000000000E+00
       0.642000000E+01         0.135118561E-33         0.337796402E-34         0.337796402E-34         0.135118561E-33         0.000000000E+00
       0.644000000E+01         0.134817534E-33         0.337043836E-34         0.337043836E-34         0.134817534E-33         0.000000000E+00
       0.646000000E+01         0.134601806E-33         0.336504515E-34         0.336504515E-34         0.134601806E-33         0.000000000E+00
       0.648000000E+01         0.134611608E-33         0.336529020E-34         0.336529020E-34         0.134611608E-33         0.000000000E+00
       0.650000000E+01         0.134768521E-33         0.336921302E-34         0.336921302E-34         0.134768521E-33         0.000000000E+00
       0.652000000E+01         0.135068649E-33         0.337671622E-34         0.337671622E-34         0.135068649E-33         0.000000000E+00
       0.654000000E+01         0.135687878E-33         0.339219694E-34         0.339219694E-34         0.135687878E-33         0.000000000E+00
       0.656000000E+01         0.136425686E-33         0.341064216E-34         0.341064216E-34         0.136425686E-33         0.000000000E+00
       0.658000000E+01         0.137172704E-33         0.342931761E-34         0.342931761E-34         0.137172704E-33         0.000000000E+00
       0.660000000E+01         0.137593801E-33         0.343984503E-34         0.343984503E-34         0.137593801E-33         0.000000000E+00
       0.662000000E+01         0.138016907E-33         0.345042268E-34         0.345042268E-34         0.138016907E-33         0.000000000E+00
       0.664000000E+01         0.138411840E-33         0.346029599E-34         0.346029599E-34         0.138411840E-33         0.000000000E+00
       0.666000000E+01         0.138775600E-33         0.346939001E-34         0.346939001E-34         0.138775600E-33         0.000000000E+00
       0.668000000E+01         0.139493858E-33         0.348734644E-34         0.348734644E-34         0.139493858E-33         0.000000000E+00
       0.670000000E+01         0.140070088E-33         0.350175220E-34         0.350175220E-34         0.140070088E-33         0.000000000E+00
       0.672000000E+01         0.140335232E-33         0.350838080E-34         0.350838080E-34         0.140335232E-33         0.000000000E+00
       0.674000000E+01         0.140406941E-33         0.351017353E-34         0.351017353E-34         0.140406941E-33         0.000000000E+00
       0.676000000E+01         0.140517830E-33         0.351294576E-34         0.351294576E-34         0.140517830E-33         0.000000000E+00
       0.678000000E+01         0.140655671E-33         0.351639178E-34         0.351639178E-34         0.140655671E-33         0.000000000E+00
       0.680000000E+01         0.141100698E-33         0.352751745E-34         0.352751745E-34         0.141100698E-33         0.000000000E+00
       0.682000000E+01         0.141905077E-33         0.354762693E-34         0.354762693E-34         0.141905077E-33         0.000000000E+00
       0.684000000E+01         0.142847858E-33         0.357119646E-34         0.357119646E-34         0.142847858E-33         0.000000000E+00
       0.686000000E+01         0.143645915E-33         0.359114787E-34         0.359114787E-34         0.143645915E-33         0.000000000E+00
       0.688000000E+01         0.144132424E-33         0.360331060E-34         0.360331060E-34         0.144132424E-33         0.000000000E+00
       0.690000000E+01         0.144609480E-33         0.361523701E-34         0.361523701E-34         0.144609480E-33         0.000000000E+00
       0.692000000E+01         0.145446463E-33         0.363616158E-34         0.363616158E-34         0.145446463E-33         0.000000000E+00
       0.694000000E+01         0.146614027E-33         0.366535067E-34         0.366535067E-34         0.146614027E-33         0.000000000E+00
       0.696000000E+01         0.148041546E-33         0.370103864E-34         0.370103864E-34         0.148041546E-33         0.000000000E+00
       0.698000000E+01         0.149449348E-33         0.373623371E-34         0.373623371E-34         0.149449348E-33         0.000000000E+00
       0.700000000E+01         0.150368810E-33         0.375922026E-34         0.375922026E-34         0.150368810E-33         0.000000000E+00
       0.702000000E+01         0.150967057E-33         0.377417642E-34         0.377417642E-34         0.150967057E-33         0.000000000E+00
       0.704000000E+01         0.151313171E-33         0.378282928E-34         0.378282928E-34         0.151313171E-33         0.000000000E+00
       0.706000000E+01         0.151827917E-33         0.379569792E-34         0.379569792E-34         0.151827917E-33         0.000000000E+00
       0.708000000E+01         0.153003977E-33         0.382509943E-34         0.382509943E-34         0.153003977E-33         0.000000000E+00
       0.710000000E+01         0.155070185E-33         0.387675462E-34         0.387675462E-34         0.155070185E-33         0.000000000E+00
       0.712000000E+01         0.156686569E-33         0.391716423E-34         0.391716423E-34         0.156686569E-33         0.000000000E+00
       0.714000000E+01         0.157599902E-33         0.393999755E-34         0.393999755E-34         0.157599902E-33         0.000000000E+00
       0.716000000E+01         0.157801379E-33         0.394503447E-34         0.394503447E-34         0.157801379E-33         0.000000000E+00
       0.718000000E+01         0.157558699E-33         0.393896746E-34         0.393896746E-34         0.157558699E-33         0.000000000E+00
       0.720000000E+01         0.157041054E-33         0.392602634E-34         0.392602634E-34         0.157041054E-33         0.000000000E+00
       0.722000000E+01         0.156430341E-33         0.391075852E-34         0.391075852E-34         0.156430341E-33         0.000000000E+00
       0.724000000E+01         0.155508186E-33         0.388770466E-34         0.388770466E-34         0.155508186E-33         0.000000000E+00
       0.726000000E+01         0.154596017E-33         0.386490043E-34         0.386490043E-34         0.154596017E-33         0.000000000E+00
       0.728000000E+01         0.153882632E-33         0.384706579E-34         0.384706579E-34         0.153882632E-33         0.000000000E+00
       0.730000000E+01         0.153229001E-33         0.383072502E-34         0.383072502E-34         0.153229001E-33         0.000000000E+00
       0.732000000E+01         0.152455281E-33         0.381138202E-34         0.381138202E-34         0.152455281E-33         0.000000000E+00
       0.734000000E+01         0.151657359E-33         0.379143397E-34         0.379143397E-34         0.151657359E-33         0.000000000E+00
       0.736000000E+01         0.151168892E-33         0.377922231E-34         0.377922231E-34         0.151168892E-33         0.000000000E+00
       0.738000000E+01         0.150729976E-33         0.376824941E-34         0.376824941E-34         0.150729976E-33         0.000000000E+00
       0.740000000E+01         0.150383037E-33         0.375957594E-34         0.375957594E-34         0.150383037E-33         0.000000000E+00
       0.742000000E+01         0.150419715E-33         0.376049288E-34         0.376049288E-34         0.150419715E-33         0.000000000E+00
       0.744000000E+01         0.151009158E-33         0.377522894E-34         0.377522894E-34         0.151009158E-33         0.000000000E+00
       0.746000000E+01         0.152074573E-33         0.380186433E-34         0.380186433E-34         0.152074573E-33         0.000000000E+00
       0.748000000E+01         0.152703746E-33         0.381759365E-34         0.381759365E-34         0.152703746E-33         0.000000000E+00
       0.750000000E+01         0.153244027E-33         0.383110067E-34         0.383110067E-34         0.153244027E-33         0.000000000E+00
       0.752000000E+01         0.153224077E-33         0.383060193E-34         0.383060193E-34         0.153224077E-33         0.000000000E+00
       0.754000000E+01         0.152607127E-33         0.381517817E-34         0.381517817E-34         0.152607127E-33         0.000000000E+00
       0.756000000E+01         0.151980443E-33         0.379951108E-34         0.379951108E-34         0.151980443E-33         0.000000000E+00
       0.758000000E+01         0.150932795E-33         0.377331987E-34         0.377331987E-34         0.150932795E-33         0.000000000E+00
       0.760000000E+01         0.149697765E-33         0.374244411E-34         0.374244411E-34         0.149697765E-33         0.000000000E+00
       0.762000000E+01         0.148702716E-33         0.371756790E-34         0.371756790E-34         0.148702716E-33         0.000000000E+00
       0.764000000E+01         0.148056139E-33         0.370140346E-34         0.370140346E-34         0.148056139E-33         0.000000000E+00
       0.766000000E+01         0.147465236E-33         0.368663090E-34         0.368663090E-34         0.147465236E-33         0.000000000E+00
       0.768000000E+01         0.147012221E-33         0.367530553E-34         0.367530553E-34         0.147012221E-33         0.000000000E+00
       0.770000000E+01         0.146754558E-33         0.366886394E-34         0.366886394E-34         0.146754558E-33         0.000000000E+00
       0.772000000E+01         0.146353819E-33         0.365884547E-34         0.365884547E-34         0.146353819E-33         0.000000000E+00
       0.774000000E+01         0.145808455E-33         0.364521138E-34         0.364521138E-34         0.145808455E-33         0.000000000E+00
       0.776000000E+01         0.145363049E-33         0.363407622E-34         0.363407622E-34         0.145363049E-33         0.000000000E+00
       0.778000000E+01         0.145131519E-33         0.362828796E-34         0.362828796E-34         0.145131519E-33         0.000000000E+00
       0.780000000E+01         0.145288430E-33         0.363221076E-34         0.363221076E-34         0.145288430E-33         0.000000000E+00
       0.782000000E+01         0.145382366E-33         0.363455914E-34         0.363455914E-34         0.145382366E-33         0.000000000E+00
       0.784000000E+01         0.145645587E-33         0.364113967E-34         0.364113967E-34         0.145645587E-33         0.000000000E+00
       0.786000000E+01         0.146556839E-33         0.366392098E-34         0.366392098E-34         0.146556839E-33         0.000000000E+00
       0.788000000E+01         0.147671912E-33         0.369179780E-34         0.369179780E-34         0.147671912E-33         0.000000000E+00
       0.790000000E+01         0.148249748E-33         0.370624370E-34         0.370624370E-34         0.148249748E-33         0.000000000E+00
       0.792000000E+01         0.148817443E-33         0.372043607E-34         0.372043607E-34         0.148817443E-33         0.000000000E+00
       0.794000000E+01         0.149317880E-33         0.373294700E-34         0.373294700E-34         0.149317880E-33         0.000000000E+00
       0.796000000E+01         0.149694548E-33         0.374236369E-34         0.374236369E-34         0.149694548E-33         0.000000000E+00
       0.798000000E+01         0.150165246E-33         0.375413115E-34         0.375413115E-34         0.150165246E-33         0.000000000E+00
       0.800000000E+01         0.150257009E-33         0.375642522E-34         0.375642522E-34         0.150257009E-33         0.000000000E+00
       0.802000000E+01         0.150307484E-33         0.375768711E-34         0.375768711E-34         0.150307484E-33         0.000000000E+00
       0.804000000E+01         0.150704853E-33         0.376762133E-34         0.376762133E-34         0.150704853E-33         0.000000000E+00
       0.806000000E+01         0.151203731E-33         0.378009327E-34         0.378009327E-34         0.151203731E-33         0.000000000E+00
       0.808000000E+01         0.151094138E-33         0.377735345E-34         0.377735345E-34         0.151094138E-33         0.000000000E+00
       0.810000000E+01         0.150776615E-33         0.376941537E-34         0.376941537E-34         0.150776615E-33         0.000000000E+00
       0.812000000E+01         0.150556667E-33         0.376391668E-34         0.376391668E-34         0.150556667E-33         0.000000000E+00
       0.814000000E+01         0.150401563E-33         0.376003907E-34         0.376003907E-34         0.150401563E-33         0.000000000E+00
       0.816000000E+01         0.150387504E-33         0.375968761E-34         0.375968761E-34         0.150387504E-33         0.000000000E+00
       0.818000000E+01         0.150481150E-33         0.376202874E-34         0.376202874E-34         0.150481150E-33         0.000000000E+00
       0.820000000E+01         0.150535065E-33         0.376337663E-34         0.376337663E-34         0.150535065E-33         0.000000000E+00
       0.822000000E+01         0.150388067E-33         0.375970168E-34         0.375970168E-34         0.150388067E-33         0.000000000E+00
       0.824000000E+01         0.150286028E-33         0.375715071E-34         0.375715071E-34         0.150286028E-33         0.000000000E+00
       0.826000000E+01         0.150490575E-33         0.376226438E-34         0.376226438E-34         0.150490575E-33         0.000000000E+00
       0.828000000E+01         0.150716640E-33         0.376791600E-34         0.376791600E-34         0.150716640E-33         0.000000000E+00
       0.830000000E+01         0.150761671E-33         0.376904179E-34         0.376904179E-34         0.150761671E-33         0.000000000E+00
       0.832000000E+01         0.150854880E-33         0.377137200E-34         0.377137200E-34         0.150854880E-33         0.000000000E+00
       0.834000000E+01         0.150924569E-33         0.377311422E-34         0.377311422E-34         0.150924569E-33         0.000000000E+00
       0.836000000E+01         0.150701611E-33         0.376754026E-34         0.376754026E-34         0.150701611E-33         0.000000000E+00
       0.838000000E+01         0.150239980E-33         0.375599949E-34         0.375599949E-34         0.150239980E-33         0.000000000E+00
       0.840000000E+01         0.150083610E-33         0.375209024E-34         0.375209024E-34         0.150083610E-33         0.000000000E+00
       0.842000000E+01         0.149989222E-33         0.374973054E-34         0.374973054E-34         0.149989222E-33         0.000000000E+00
       0.844000000E+01         0.149889250E-33         0.374723126E-34         0.374723126E-34         0.149889250E-33         0.000000000E+00
       0.846000000E+01         0.149591878E-33         0.373979695E-34         0.373979695E-34         0.149591878E-33         0.000000000E+00
       0.848000000E+01         0.149318666E-33         0.373296664E-34         0.373296664E-34         0.149318666E-33         0.000000000E+00
       0.850000000E+01         0.149388390E-33         0.373470975E-34         0.373470975E-34         0.149388390E-33         0.000000000E+00
       0.852000000E+01         0.150120954E-33         0.375302386E-34         0.375302386E-34         0.150120954E-33         0.000000000E+00
       0.854000000E+01         0.151482625E-33         0.378706563E-34         0.378706563E-34         0.151482625E-33         0.000000000E+00
       0.856000000E+01         0.152454801E-33         0.381137004E-34         0.381137004E-34         0.152454801E-33         0.000000000E+00
       0.858000000E+01         0.152935925E-33         0.382339813E-34         0.382339813E-34         0.152935925E-33         0.000000000E+00
       0.860000000E+01         0.153022580E-33         0.382556449E-34         0.382556449E-34         0.153022580E-33         0.000000000E+00
       0.862000000E+01         0.152809137E-33         0.382022843E-34         0.382022843E-34         0.152809137E-33         0.000000000E+00
       0.864000000E+01         0.152478415E-33         0.381196038E-34         0.381196038E-34         0.152478415E-33         0.000000000E+00
       0.866000000E+01         0.152060211E-33         0.380150528E-34         0.380150528E-34         0.152060211E-33         0.000000000E+00
       0.868000000E+01         0.151446948E-33         0.378617369E-34         0.378617369E-34         0.151446948E-33         0.000000000E+00
       0.870000000E+01         0.151023024E-33         0.377557560E-34         0.377557560E-34         0.151023024E-33         0.000000000E+00
       0.872000000E+01         0.150780121E-33         0.376950302E-34         0.376950302E-34         0.150780121E-33         0.000000000E+00
       0.874000000E+01         0.150473384E-33         0.376183461E-34         0.376183461E-34         0.150473384E-33         0.000000000E+00
       0.876000000E+01         0.149658178E-33         0.374145444E-34         0.374145444E-34         0.149658178E-33         0.000000000E+00
       0.878000000E+01         0.148286887E-33         0.370717218E-34         0.370717218E-34         0.148286887E-33         0.000000000E+00
       0.880000000E+01         0.147490303E-33         0.368725756E-34         0.368725756E-34         0.147490303E-33         0.000000000E+00
       0.882000000E+01         0.147231559E-33         0.368078899E-34         0.368078899E-34         0.147231559E-33         0.000000000E+00
       0.884000000E+01         0.147432972E-33         0.368582430E-34         0.368582430E-34         0.147432972E-33         0.000000000E+00
       0.886000000E+01         0.147665039E-33         0.369162598E-34         0.369162598E-34         0.147665039E-33         0.000000000E+00
       0.888000000E+01         0.147908704E-33         0.369771760E-34         0.369771760E-34         0.147908704E-33         0.000000000E+00
       0.890000000E+01         0.147785582E-33         0.369463955E-34         0.369463955E-34         0.147785582E-33         0.000000000E+00
       0.892000000E+01         0.147520477E-33         0.368801193E-34         0.368801193E-34         0.147520477E-33         0.000000000E+00
       0.894000000E+01         0.147499613E-33         0.368749032E-34         0.368749032E-34         0.147499613E-33         0.000000000E+00
       0.896000000E+01         0.147728488E-33         0.369321219E-34         0.369321219E-34         0.147728488E-33         0.000000000E+00
       0.898000000E+01         0.147998981E-33         0.369997452E-34         0.369997452E-34         0.147998981E-33         0.000000000E+00
       0.900000000E+01         0.148088271E-33         0.370220676E-34         0.370220676E-34         0.148088271E-33         0.000000000E+00
       0.902000000E+01         0.147863324E-33         0.369658310E-34         0.369658310E-34         0.147863324E-33         0.000000000E+00
       0.904000000E+01         0.147847961E-33         0.369619903E-34         0.369619903E-34         0.147847961E-33         0.000000000E+00
       0.906000000E+01         0.147988558E-33         0.369971394E-34         0.369971394E-34         0.147988558E-33         0.000000000E+00
       0.908000000E+01         0.148059818E-33         0.370149544E-34         0.370149544E-34         0.148059818E-33         0.000000000E+00
       0.910000000E+01         0.148004447E-33         0.370011118E-34         0.370011118E-34         0.148004447E-33         0.000000000E+00
       0.912000000E+01         0.147693291E-33         0.369233228E-34         0.369233228E-34         0.147693291E-33         0.000000000E+00
       0.914000000E+01         0.146899109E-33         0.367247772E-34         0.367247772E-34         0.146899109E-33         0.000000000E+00
       0.916000000E+01         0.145943907E-33         0.364859768E-34         0.364859768E-34         0.145943907E-33         0.000000000E+00
       0.918000000E+01         0.144696604E-33         0.361741511E-34         0.361741511E-34         0.144696604E-33         0.000000000E+00
       0.920000000E+01         0.143478688E-33         0.358696721E-34         0.358696721E-34         0.143478688E-33         0.000000000E+00
       0.922000000E+01         0.142447400E-33         0.356118500E-34         0.356118500E-34         0.142447400E-33         0.000000000E+00
       0.924000000E+01         0.141711468E-33         0.354278670E-34         0.354278670E-34         0.141711468E-33         0.000000000E+00
       0.926000000E+01         0.141089761E-33         0.352724404E-34         0.352724404E-34         0.141089761E-33         0.000000000E+00
       0.928000000E+01         0.140556474E-33         0.351391184E-34         0.351391184E-34         0.140556474E-33         0.000000000E+00
       0.930000000E+01         0.140111427E-33         0.350278566E-34         0.350278566E-34         0.140111427E-33         0.000000000E+00
       0.932000000E+01         0.140099530E-33         0.350248825E-34         0.350248825E-34         0.140099530E-33         0.000000000E+00
       0.934000000E+01         0.140418297E-33         0.351045743E-34         0.351045743E-34         0.140418297E-33         0.000000000E+00
       0.936000000E+01         0.140670263E-33         0.351675656E-34         0.351675656E-34         0.140670263E-33         0.000000000E+00
       0.938000000E+01         0.140920436E-33         0.352301091E-34         0.352301091E-34         0.140920436E-33         0.000000000E+00
       0.940000000E+01         0.141195377E-33         0.352988444E-34         0.352988444E-34         0.141195377E-33         0.000000000E+00
       0.942000000E+01         0.141477344E-33         0.353693360E-34         0.353693360E-34         0.141477344E-33         0.000000000E+00
       0.944000000E+01         0.141688538E-33         0.354221345E-34         0.354221345E-34         0.141688538E-33         0.000000000E+00
       0.946000000E+01         0.141697078E-33         0.354242695E-34         0.354242695E-34         0.141697078E-33         0.000000000E+00
       0.948000000E+01         0.141735272E-33         0.354338180E-34         0.354338180E-34         0.141735272E-33         0.000000000E+00
       0.950000000E+01         0.141508175E-33         0.353770439E-34         0.353770439E-34         0.141508175E-33         0.000000000E+00
       0.952000000E+01         0.141577289E-33         0.353943224E-34         0.353943224E-34         0.141577289E-33         0.000000000E+00
       0.954000000E+01         0.142160380E-33         0.355400951E-34         0.355400951E-34         0.142160380E-33         0.000000000E+00
       0.956000000E+01         0.142915594E-33         0.357288986E-34         0.357288986E-34         0.142915594E-33         0.000000000E+00
       0.958000000E+01         0.143867412E-33         0.359668531E-34         0.359668531E-34         0.143867412E-33         0.000000000E+00
       0.960000000E+01         0.144582338E-33         0.361455845E-34         0.361455845E-34         0.144582338E-33         0.000000000E+00
       0.962000000E+01         0.145353094E-33         0.363382735E-34         0.363382735E-34         0.145353094E-33         0.000000000E+00
       0.964000000E+01         0.146341809E-33         0.365854523E-34         0.365854523E-34         0.146341809E-33         0.000000000E+00
       0.966000000E+01         0.147208583E-33         0.368021459E-34         0.368021459E-34         0.147208583E-33         0.000000000E+00
       0.968000000E+01         0.147808413E-33         0.369521032E-34         0.369521032E-34         0.147808413E-33         0.000000000E+00
       0.970000000E+01         0.148402663E-33         0.371006659E-34         0.371006659E-34         0.148402663E-33         0.000000000E+00
       0.972000000E+01         0.148886048E-33         0.372215119E-34         0.372215119E-34         0.148886048E-33         0.000000000E+00
       0.974000000E+01         0.148728082E-33         0.371820205E-34         0.371820205E-34         0.148728082E-33         0.000000000E+00
       0.976000000E+01         0.148300379E-33         0.370750948E-34         0.370750948E-34         0.148300379E-33         0.000000000E+00
       0.978000000E+01         0.148035378E-33         0.370088446E-34         0.370088446E-34         0.148035378E-33         0.000000000E+00
       0.980000000E+01         0.147792946E-33         0.369482364E-34         0.369482364E-34         0.147792946E-33         0.000000000E+00
       0.982000000E+01         0.147773134E-33         0.369432835E-34         0.369432835E-34         0.147773134E-33         0.000000000E+00
       0.984000000E+01         0.148143178E-33         0.370357944E-34         0.370357944E-34         0.148143178E-33         0.000000000E+00
       0.986000000E+01         0.148862408E-33         0.372156019E-34         0.372156019E-34         0.148862408E-33         0.000000000E+00
       0.988000000E+01         0.149420931E-33         0.373552328E-34         0.373552328E-34         0.149420931E-33         0.000000000E+00
       0.990000000E+01         0.149193483E-33         0.372983707E-34         0.372983707E-34         0.149193483E-33         0.000000000E+00
       0.992000000E+01         0.149002299E-33         0.372505747E-34         0.372505747E-34         0.149002299E-33         0.000000000E+00
       0.994000000E+01         0.148951287E-33         0.372378216E-34         0.372378216E-34         0.148951287E-33         0.000000000E+00
       0.996000000E+01         0.148993119E-33         0.372482798E-34         0.372482798E-34         0.148993119E-33         0.000000000E+00
       0.998000000E+01         0.148802019E-33         0.372005047E-34         0.372005047E-34         0.148802019E-33         0.000000000E+00
       0.100000000E+02         0.148489429E-33         0.371223572E-34         0.371223572E-34         0.148489429E-33         0.000000000E+00
