#energy per mode
# t  ec mode
       0.200000000E-02         0.188196627E-37         0.470491568E-38         0.470491568E-38         0.188196627E-37         0.000000000E+00
       0.200000000E-01         0.175480724E-36         0.438701810E-37         0.438701810E-37         0.175480724E-36         0.000000000E+00
       0.400000000E-01         0.985146099E-36         0.246286525E-36         0.246286525E-36         0.985146099E-36         0.000000000E+00
       0.600000000E-01         0.210849794E-35         0.527124486E-36         0.527124486E-36         0.210849794E-35         0.000000000E+00
       0.800000000E-01         0.279895133E-35         0.699737833E-36         0.699737833E-36         0.279895133E-35         0.000000000E+00
       0.100000000E+00         0.366429049E-35         0.916072622E-36         0.916072622E-36         0.366429049E-35         0.000000000E+00
       0.120000000E+00         0.462769043E-35         0.115692261E-35         0.115692261E-35         0.462769043E-35         0.000000000E+00
       0.140000000E+00         0.650019698E-35         0.162504925E-35         0.162504925E-35         0.650019698E-35         0.000000000E+00
       0.160000000E+00         0.835852847E-35         0.208963212E-35         0.208963212E-35         0.835852847E-35         0.000000000E+00
       0.180000000E+00         0.107664349E-34         0.269160872E-35         0.269160872E-35         0.107664349E-34         0.000000000E+00
       0.200000000E+00         0.139604188E-34         0.349010470E-35         0.349010470E-35         0.139604188E-34         0.000000000E+00
       0.220000000E+00         0.175365192E-34         0.438412979E-35         0.438412979E-35         0.175365192E-34         0.000000000E+00
       0.240000000E+00         0.207498330E-34         0.518745824E-35         0.518745824E-35         0.207498330E-34         0.000000000E+00
       0.260000000E+00         0.229055443E-34         0.572638608E-35         0.572638608E-35         0.229055443E-34         0.000000000E+00
       0.280000000E+00         0.242769003E-34         0.606922506E-35         0.606922506E-35         0.242769003E-34         0.000000000E+00
       0.300000000E+00         0.250702611E-34         0.626756526E-35         0.626756526E-35         0.250702611E-34         0.000000000E+00
       0.320000000E+00         0.265421444E-34         0.663553610E-35         0.663553610E-35         0.265421444E-34         0.000000000E+00
       0.340000000E+00         0.291898840E-34         0.729747101E-35         0.729747101E-35         0.291898840E-34         0.000000000E+00
       0.360000000E+00         0.313393883E-34         0.783484709E-35         0.783484709E-35         0.313393883E-34         0.000000000E+00
       0.380000000E+00         0.325255824E-34         0.813139560E-35         0.813139560E-35         0.325255824E-34         0.000000000E+00
       0.400000000E+00         0.324794910E-34         0.811987276E-35         0.811987276E-35         0.324794910E-34         0.000000000E+00
       0.420000000E+00         0.317706475E-34         0.794266188E-35         0.794266188E-35         0.317706475E-34         0.000000000E+00
       0.440000000E+00         0.304253813E-34         0.760634531E-35         0.760634531E-35         0.304253813E-34         0.000000000E+00
       0.460000000E+00         0.288568841E-34         0.721422102E-35         0.721422102E-35         0.288568841E-34         0.000000000E+00
       0.480000000E+00         0.279596208E-34         0.698990520E-35         0.698990520E-35         0.279596208E-34         0.000000000E+00
       0.500000000E+00         0.272192905E-34         0.680482262E-35         0.680482262E-35         0.272192905E-34         0.000000000E+00
       0.520000000E+00         0.262051497E-34         0.655128742E-35         0.655128742E-35         0.262051497E-34         0.000000000E+00
       0.540000000E+00         0.259989367E-34         0.649973416E-35         0.649973416E-35         0.259989367E-34         0.000000000E+00
       0.560000000E+00         0.255075375E-34         0.637688437E-35         0.637688437E-35         0.255075375E-34         0.000000000E+00
       0.580000000E+00         0.263264485E-34         0.658161213E-35         0.658161213E-35         0.263264485E-34         0.000000000E+00
       0.600000000E+00         0.276915846E-34         0.692289615E-35         0.692289615E-35         0.276915846E-34         0.000000000E+00
       0.620000000E+00         0.289076835E-34         0.722692087E-35         0.722692087E-35         0.289076835E-34         0.000000000E+00
       0.640000000E+00         0.292156333E-34         0.730390833E-35         0.730390833E-35         0.292156333E-34         0.000000000E+00
       0.660000000E+00         0.287923316E-34         0.719808290E-35         0.719808290E-35         0.287923316E-34         0.000000000E+00
       0.680000000E+00         0.272894784E-34         0.682236960E-35         0.682236960E-35         0.272894784E-34         0.000000000E+00
       0.700000000E+00         0.255864827E-34         0.639662068E-35         0.639662068E-35         0.255864827E-34         0.000000000E+00
       0.720000000E+00         0.233676449E-34         0.584191121E-35         0.584191121E-35         0.233676449E-34         0.000000000E+00
       0.740000000E+00         0.207222187E-34         0.518055469E-35         0.518055469E-35         0.207222187E-34         0.000000000E+00
       0.760000000E+00         0.181737986E-34         0.454344964E-35         0.454344964E-35         0.181737986E-34         0.000000000E+00
       0.780000000E+00         0.169239960E-34         0.423099901E-35         0.423099901E-35         0.169239960E-34         0.000000000E+00
       0.800000000E+00         0.168444873E-34         0.421112184E-35         0.421112184E-35         0.168444873E-34         0.000000000E+00
       0.820000000E+00         0.178243642E-34         0.445609105E-35         0.445609105E-35         0.178243642E-34         0.000000000E+00
       0.840000000E+00         0.201658397E-34         0.504145993E-35         0.504145993E-35         0.201658397E-34         0.000000000E+00
       0.860000000E+00         0.231003398E-34         0.577508494E-35         0.577508494E-35         0.231003398E-34         0.000000000E+00
       0.880000000E+00         0.266809315E-34         0.667023286E-35         0.667023286E-35         0.266809315E-34         0.000000000E+00
       0.900000000E+00         0.295242292E-34         0.738105731E-35         0.738105731E-35         0.295242292E-34         0.000000000E+00
       0.920000000E+00         0.310693128E-34         0.776732820E-35         0.776732820E-35         0.310693128E-34         0.000000000E+00
       0.940000000E+00         0.316412621E-34         0.791031553E-35         0.791031553E-35         0.316412621E-34         0.000000000E+00
       0.960000000E+00         0.300466050E-34         0.751165124E-35         0.751165124E-35         0.300466050E-34         0.000000000E+00
       0.980000000E+00         0.280078025E-34         0.700195062E-35         0.700195062E-35         0.280078025E-34         0.000000000E+00
       0.100000000E+01         0.259775743E-34         0.649439357E-35         0.649439357E-35         0.259775743E-34         0.000000000E+00
       0.102000000E+01         0.240371905E-34         0.600929763E-35         0.600929763E-35         0.240371905E-34         0.000000000E+00
       0.104000000E+01         0.222972375E-34         0.557430937E-35         0.557430937E-35         0.222972375E-34         0.000000000E+00
       0.106000000E+01         0.213191436E-34         0.532978590E-35         0.532978590E-35         0.213191436E-34         0.000000000E+00
       0.108000000E+01         0.209697483E-34         0.524243708E-35         0.524243708E-35         0.209697483E-34         0.000000000E+00
       0.110000000E+01         0.211648903E-34         0.529122257E-35         0.529122257E-35         0.211648903E-34         0.000000000E+00
       0.112000000E+01         0.220299806E-34         0.550749514E-35         0.550749514E-35         0.220299806E-34         0.000000000E+00
       0.114000000E+01         0.228719245E-34         0.571798113E-35         0.571798113E-35         0.228719245E-34         0.000000000E+00
       0.116000000E+01         0.236773653E-34         0.591934132E-35         0.591934132E-35         0.236773653E-34         0.000000000E+00
       0.118000000E+01         0.244859533E-34         0.612148834E-35         0.612148834E-35         0.244859533E-34         0.000000000E+00
       0.120000000E+01         0.250646638E-34         0.626616595E-35         0.626616595E-35         0.250646638E-34         0.000000000E+00
       0.122000000E+01         0.245991977E-34         0.614979943E-35         0.614979943E-35         0.245991977E-34         0.000000000E+00
       0.124000000E+01         0.236206888E-34         0.590517219E-35         0.590517219E-35         0.236206888E-34         0.000000000E+00
       0.126000000E+01         0.234453889E-34         0.586134722E-35         0.586134722E-35         0.234453889E-34         0.000000000E+00
       0.128000000E+01         0.236854369E-34         0.592135921E-35         0.592135921E-35         0.236854369E-34         0.000000000E+00
       0.130000000E+01         0.240007063E-34         0.600017656E-35         0.600017656E-35         0.240007063E-34         0.000000000E+00
       0.132000000E+01         0.241657898E-34         0.604144745E-35         0.604144745E-35         0.241657898E-34         0.000000000E+00
       0.134000000E+01         0.243220482E-34         0.608051205E-35         0.608051205E-35         0.243220482E-34         0.000000000E+00
       0.136000000E+01         0.245931676E-34         0.614829189E-35         0.614829189E-35         0.245931676E-34         0.000000000E+00
       0.138000000E+01         0.248065330E-34         0.620163324E-35         0.620163324E-35         0.248065330E-34         0.000000000E+00
       0.140000000E+01         0.254719487E-34         0.636798718E-35         0.636798718E-35         0.254719487E-34         0.000000000E+00
       0.142000000E+01         0.256052120E-34         0.640130300E-35         0.640130300E-35         0.256052120E-34         0.000000000E+00
       0.144000000E+01         0.250117270E-34         0.625293176E-35         0.625293176E-35         0.250117270E-34         0.000000000E+00
       0.146000000E+01         0.247580197E-34         0.618950493E-35         0.618950493E-35         0.247580197E-34         0.000000000E+00
       0.148000000E+01         0.245172575E-34         0.612931438E-35         0.612931438E-35         0.245172575E-34         0.000000000E+00
       0.150000000E+01         0.245562976E-34         0.613907439E-35         0.613907439E-35         0.245562976E-34         0.000000000E+00
       0.152000000E+01         0.249752927E-34         0.624382318E-35         0.624382318E-35         0.249752927E-34         0.000000000E+00
       0.154000000E+01         0.252205858E-34         0.630514645E-35         0.630514645E-35         0.252205858E-34         0.000000000E+00
       0.156000000E+01         0.250285204E-34         0.625713009E-35         0.625713009E-35         0.250285204E-34         0.000000000E+00
       0.158000000E+01         0.248579384E-34         0.621448461E-35         0.621448461E-35         0.248579384E-34         0.000000000E+00
       0.160000000E+01         0.241361411E-34         0.603403529E-35         0.603403529E-35         0.241361411E-34         0.000000000E+00
       0.162000000E+01         0.232751259E-34         0.581878148E-35         0.581878148E-35         0.232751259E-34         0.000000000E+00
       0.164000000E+01         0.230406401E-34         0.576016002E-35         0.576016002E-35         0.230406401E-34         0.000000000E+00
       0.166000000E+01         0.232724348E-34         0.581810870E-35         0.581810870E-35         0.232724348E-34         0.000000000E+00
       0.168000000E+01         0.238373201E-34         0.595933002E-35         0.595933002E-35         0.238373201E-34         0.000000000E+00
       0.170000000E+01         0.246745969E-34         0.616864922E-35         0.616864922E-35         0.246745969E-34         0.000000000E+00
       0.172000000E+01         0.257893177E-34         0.644732942E-35         0.644732942E-35         0.257893177E-34         0.000000000E+00
       0.174000000E+01         0.261153413E-34         0.652883533E-35         0.652883533E-35         0.261153413E-34         0.000000000E+00
       0.176000000E+01         0.260401050E-34         0.651002625E-35         0.651002625E-35         0.260401050E-34         0.000000000E+00
       0.178000000E+01         0.260446345E-34         0.651115864E-35         0.651115864E-35         0.260446345E-34         0.000000000E+00
       0.180000000E+01         0.261845592E-34         0.654613980E-35         0.654613980E-35         0.261845592E-34         0.000000000E+00
       0.182000000E+01         0.263692539E-34         0.659231348E-35         0.659231348E-35         0.263692539E-34         0.000000000E+00
       0.184000000E+01         0.262571811E-34         0.656429527E-35         0.656429527E-35         0.262571811E-34         0.000000000E+00
       0.186000000E+01         0.258861518E-34         0.647153794E-35         0.647153794E-35         0.258861518E-34         0.000000000E+00
       0.188000000E+01         0.258998606E-34         0.647496516E-35         0.647496516E-35         0.258998606E-34         0.000000000E+00
       0.190000000E+01         0.256049059E-34         0.640122648E-35         0.640122648E-35         0.256049059E-34         0.000000000E+00
       0.192000000E+01         0.257200248E-34         0.643000620E-35         0.643000620E-35         0.257200248E-34         0.000000000E+00
       0.194000000E+01         0.261570979E-34         0.653927449E-35         0.653927449E-35         0.261570979E-34         0.000000000E+00
       0.196000000E+01         0.258631527E-34         0.646578817E-35         0.646578817E-35         0.258631527E-34         0.000000000E+00
       0.198000000E+01         0.258228834E-34         0.645572084E-35         0.645572084E-35         0.258228834E-34         0.000000000E+00
       0.200000000E+01         0.261953034E-34         0.654882585E-35         0.654882585E-35         0.261953034E-34         0.000000000E+00
       0.202000000E+01         0.265165561E-34         0.662913902E-35         0.662913902E-35         0.265165561E-34         0.000000000E+00
       0.204000000E+01         0.265134939E-34         0.662837348E-35         0.662837348E-35         0.265134939E-34         0.000000000E+00
       0.206000000E+01         0.255991258E-34         0.639978145E-35         0.639978145E-35         0.255991258E-34         0.000000000E+00
       0.208000000E+01         0.250901444E-34         0.627253611E-35         0.627253611E-35         0.250901444E-34         0.000000000E+00
       0.210000000E+01         0.247066246E-34         0.617665615E-35         0.617665615E-35         0.247066246E-34         0.000000000E+00
       0.212000000E+01         0.250725102E-34         0.626812756E-35         0.626812756E-35         0.250725102E-34         0.000000000E+00
       0.214000000E+01         0.262258471E-34         0.655646177E-35         0.655646177E-35         0.262258471E-34         0.000000000E+00
       0.216000000E+01         0.278015591E-34         0.695038978E-35         0.695038978E-35         0.278015591E-34         0.000000000E+00
       0.218000000E+01         0.290776338E-34         0.726940844E-35         0.726940844E-35         0.290776338E-34         0.000000000E+00
       0.220000000E+01         0.299173540E-34         0.747933850E-35         0.747933850E-35         0.299173540E-34         0.000000000E+00
       0.222000000E+01         0.299625737E-34         0.749064342E-35         0.749064342E-35         0.299625737E-34         0.000000000E+00
       0.224000000E+01         0.294320625E-34         0.735801562E-35         0.735801562E-35         0.294320625E-34         0.000000000E+00
       0.226000000E+01         0.290807705E-34         0.727019264E-35         0.727019264E-35         0.290807705E-34         0.000000000E+00
       0.228000000E+01         0.286139638E-34         0.715349095E-35         0.715349095E-35         0.286139638E-34         0.000000000E+00
       0.230000000E+01         0.282313530E-34         0.705783825E-35         0.705783825E-35         0.282313530E-34         0.000000000E+00
       0.232000000E+01         0.279380904E-34         0.698452259E-35         0.698452259E-35         0.279380904E-34         0.000000000E+00
       0.234000000E+01         0.275332486E-34         0.688331216E-35         0.688331216E-35         0.275332486E-34         0.000000000E+00
       0.236000000E+01         0.268116588E-34         0.670291471E-35         0.670291471E-35         0.268116588E-34         0.000000000E+00
       0.238000000E+01         0.255103199E-34         0.637757997E-35         0.637757997E-35         0.255103199E-34         0.000000000E+00
       0.240000000E+01         0.247748687E-34         0.619371717E-35         0.619371717E-35         0.247748687E-34         0.000000000E+00
       0.242000000E+01         0.247367448E-34         0.618418620E-35         0.618418620E-35         0.247367448E-34         0.000000000E+00
       0.244000000E+01         0.246378611E-34         0.615946527E-35         0.615946527E-35         0.246378611E-34         0.000000000E+00
       0.246000000E+01         0.245728900E-34         0.614322250E-35         0.614322250E-35         0.245728900E-34         0.000000000E+00
       0.248000000E+01         0.245612113E-34         0.614030283E-35         0.614030283E-35         0.245612113E-34         0.000000000E+00
       0.250000000E+01         0.241784923E-34         0.604462306E-35         0.604462306E-35         0.241784923E-34         0.000000000E+00
       0.252000000E+01         0.238579411E-34         0.596448527E-35         0.596448527E-35         0.238579411E-34         0.000000000E+00
       0.254000000E+01         0.232685423E-34         0.581713557E-35         0.581713557E-35         0.232685423E-34         0.000000000E+00
       0.256000000E+01         0.227122301E-34         0.567805752E-35         0.567805752E-35         0.227122301E-34         0.000000000E+00
       0.258000000E+01         0.229636483E-34         0.574091208E-35         0.574091208E-35         0.229636483E-34         0.000000000E+00
       0.260000000E+01         0.233392941E-34         0.583482352E-35         0.583482352E-35         0.233392941E-34         0.000000000E+00
       0.262000000E+01         0.241809660E-34         0.604524151E-35         0.604524151E-35         0.241809660E-34         0.000000000E+00
       0.264000000E+01         0.245734778E-34         0.614336946E-35         0.614336946E-35         0.245734778E-34         0.000000000E+00
       0.266000000E+01         0.247197929E-34         0.617994823E-35         0.617994823E-35         0.247197929E-34         0.000000000E+00
       0.268000000E+01         0.242542458E-34         0.606356145E-35         0.606356145E-35         0.242542458E-34         0.000000000E+00
       0.270000000E+01         0.237548550E-34         0.593871375E-35         0.593871375E-35         0.237548550E-34         0.000000000E+00
       0.272000000E+01         0.226939940E-34         0.567349851E-35         0.567349851E-35         0.226939940E-34         0.000000000E+00
       0.274000000E+01         0.216826848E-34         0.542067120E-35         0.542067120E-35         0.216826848E-34         0.000000000E+00
       0.276000000E+01         0.210187710E-34         0.525469274E-35         0.525469274E-35         0.210187710E-34         0.000000000E+00
       0.278000000E+01         0.208927114E-34         0.522317784E-35         0.522317784E-35         0.208927114E-34         0.000000000E+00
       0.280000000E+01         0.210163716E-34         0.525409290E-35         0.525409290E-35         0.210163716E-34         0.000000000E+00
       0.282000000E+01         0.212455731E-34         0.531139328E-35         0.531139328E-35         0.212455731E-34         0.000000000E+00
       0.284000000E+01         0.212859462E-34         0.532148656E-35         0.532148656E-35         0.212859462E-34         0.000000000E+00
       0.286000000E+01         0.212092669E-34         0.530231672E-35         0.530231672E-35         0.212092669E-34         0.000000000E+00
       0.288000000E+01         0.211602085E-34         0.529005212E-35         0.529005212E-35         0.211602085E-34         0.000000000E+00
       0.290000000E+01         0.211166778E-34         0.527916946E-35         0.527916946E-35         0.211166778E-34         0.000000000E+00
       0.292000000E+01         0.210063458E-34         0.525158645E-35         0.525158645E-35         0.210063458E-34         0.000000000E+00
       0.294000000E+01         0.205314696E-34         0.513286739E-35         0.513286739E-35         0.205314696E-34         0.000000000E+00
       0.296000000E+01         0.196912832E-34         0.492282081E-35         0.492282081E-35         0.196912832E-34         0.000000000E+00
       0.298000000E+01         0.184970442E-34         0.462426104E-35         0.462426104E-35         0.184970442E-34         0.000000000E+00
       0.300000000E+01         0.180854979E-34         0.452137448E-35         0.452137448E-35         0.180854979E-34         0.000000000E+00
       0.302000000E+01         0.181136316E-34         0.452840791E-35         0.452840791E-35         0.181136316E-34         0.000000000E+00
       0.304000000E+01         0.185812966E-34         0.464532414E-35         0.464532414E-35         0.185812966E-34         0.000000000E+00
       0.306000000E+01         0.185757263E-34         0.464393158E-35         0.464393158E-35         0.185757263E-34         0.000000000E+00
       0.308000000E+01         0.182622856E-34         0.456557140E-35         0.456557140E-35         0.182622856E-34         0.000000000E+00
       0.310000000E+01         0.175794699E-34         0.439486747E-35         0.439486747E-35         0.175794699E-34         0.000000000E+00
       0.312000000E+01         0.166217183E-34         0.415542958E-35         0.415542958E-35         0.166217183E-34         0.000000000E+00
       0.314000000E+01         0.161924551E-34         0.404811378E-35         0.404811378E-35         0.161924551E-34         0.000000000E+00
       0.316000000E+01         0.161993582E-34         0.404983954E-35         0.404983954E-35         0.161993582E-34         0.000000000E+00
       0.318000000E+01         0.163634541E-34         0.409086353E-35         0.409086353E-35         0.163634541E-34         0.000000000E+00
       0.320000000E+01         0.163893727E-34         0.409734318E-35         0.409734318E-35         0.163893727E-34         0.000000000E+00
       0.322000000E+01         0.160806439E-34         0.402016097E-35         0.402016097E-35         0.160806439E-34         0.000000000E+00
       0.324000000E+01         0.155318424E-34         0.388296060E-35         0.388296060E-35         0.155318424E-34         0.000000000E+00
       0.326000000E+01         0.149305817E-34         0.373264542E-35         0.373264542E-35         0.149305817E-34         0.000000000E+00
       0.328000000E+01         0.147212147E-34         0.368030367E-35         0.368030367E-35         0.147212147E-34         0.000000000E+00
       0.330000000E+01         0.152274482E-34         0.380686206E-35         0.380686206E-35         0.152274482E-34         0.000000000E+00
       0.332000000E+01         0.166293397E-34         0.415733494E-35         0.415733494E-35         0.166293397E-34         0.000000000E+00
       0.334000000E+01         0.172998474E-34         0.432496184E-35         0.432496184E-35         0.172998474E-34         0.000000000E+00
       0.336000000E+01         0.175152318E-34         0.437880794E-35         0.437880794E-35         0.175152318E-34         0.000000000E+00
       0.338000000E+01         0.173155139E-34         0.432887847E-35         0.432887847E-35         0.173155139E-34         0.000000000E+00
       0.340000000E+01         0.174029750E-34         0.435074375E-35         0.435074375E-35         0.174029750E-34         0.000000000E+00
       0.342000000E+01         0.179591882E-34         0.448979704E-35         0.448979704E-35         0.179591882E-34         0.000000000E+00
       0.344000000E+01         0.187490338E-34         0.468725845E-35         0.468725845E-35         0.187490338E-34         0.000000000E+00
       0.346000000E+01         0.189066782E-34         0.472666956E-35         0.472666956E-35         0.189066782E-34         0.000000000E+00
       0.348000000E+01         0.187827146E-34         0.469567865E-35         0.469567865E-35         0.187827146E-34         0.000000000E+00
       0.350000000E+01         0.187124542E-34         0.467811355E-35         0.467811355E-35         0.187124542E-34         0.000000000E+00
       0.352000000E+01         0.179291679E-34         0.448229197E-35         0.448229197E-35         0.179291679E-34         0.000000000E+00
       0.354000000E+01         0.173282567E-34         0.433206418E-35         0.433206418E-35         0.173282567E-34         0.000000000E+00
       0.356000000E+01         0.167033174E-34         0.417582936E-35         0.417582936E-35         0.167033174E-34         0.000000000E+00
       0.358000000E+01         0.156325741E-34         0.390814352E-35         0.390814352E-35         0.156325741E-34         0.000000000E+00
       0.360000000E+01         0.149416701E-34         0.373541753E-35         0.373541753E-35         0.149416701E-34         0.000000000E+00
       0.362000000E+01         0.150535202E-34         0.376338004E-35         0.376338004E-35         0.150535202E-34         0.000000000E+00
       0.364000000E+01         0.154556592E-34         0.386391480E-35         0.386391480E-35         0.154556592E-34         0.000000000E+00
       0.366000000E+01         0.157703897E-34         0.394259742E-35         0.394259742E-35         0.157703897E-34         0.000000000E+00
       0.368000000E+01         0.160510953E-34         0.401277382E-35         0.401277382E-35         0.160510953E-34         0.000000000E+00
       0.370000000E+01         0.161064823E-34         0.402662057E-35         0.402662057E-35         0.161064823E-34         0.000000000E+00
       0.372000000E+01         0.159356352E-34         0.398390880E-35         0.398390880E-35         0.159356352E-34         0.000000000E+00
       0.374000000E+01         0.155523265E-34         0.388808162E-35         0.388808162E-35         0.155523265E-34         0.000000000E+00
       0.376000000E+01         0.153237393E-34         0.383093482E-35         0.383093482E-35         0.153237393E-34         0.000000000E+00
       0.378000000E+01         0.150504300E-34         0.376260749E-35         0.376260749E-35         0.150504300E-34         0.000000000E+00
       0.380000000E+01         0.149498422E-34         0.373746054E-35         0.373746054E-35         0.149498422E-34         0.000000000E+00
       0.382000000E+01         0.149433815E-34         0.373584537E-35         0.373584537E-35         0.149433815E-34         0.000000000E+00
       0.384000000E+01         0.156694381E-34         0.391735953E-35         0.391735953E-35         0.156694381E-34         0.000000000E+00
       0.386000000E+01         0.164055186E-34         0.410137966E-35         0.410137966E-35         0.164055186E-34         0.000000000E+00
       0.388000000E+01         0.165691483E-34         0.414228707E-35         0.414228707E-35         0.165691483E-34         0.000000000E+00
       0.390000000E+01         0.163616986E-34         0.409042466E-35         0.409042466E-35         0.163616986E-34         0.000000000E+00
       0.392000000E+01         0.157908246E-34         0.394770615E-35         0.394770615E-35         0.157908246E-34         0.000000000E+00
       0.394000000E+01         0.153103479E-34         0.382758697E-35         0.382758697E-35         0.153103479E-34         0.000000000E+00
       0.396000000E+01         0.150550102E-34         0.376375255E-35         0.376375255E-35         0.150550102E-34         0.000000000E+00
       0.398000000E+01         0.149715094E-34         0.374287735E-35         0.374287735E-35         0.149715094E-34         0.000000000E+00
       0.400000000E+01         0.151244804E-34         0.378112010E-35         0.378112010E-35         0.151244804E-34         0.000000000E+00
       0.402000000E+01         0.155377819E-34         0.388444547E-35         0.388444547E-35         0.155377819E-34         0.000000000E+00
       0.404000000E+01         0.161471158E-34         0.403677896E-35         0.403677896E-35         0.161471158E-34         0.000000000E+00
       0.406000000E+01         0.161698067E-34         0.404245167E-35         0.404245167E-35         0.161698067E-34         0.000000000E+00
       0.408000000E+01         0.156891408E-34         0.392228520E-35         0.392228520E-35         0.156891408E-34         0.000000000E+00
       0.410000000E+01         0.149236760E-34         0.373091900E-35         0.373091900E-35         0.149236760E-34         0.000000000E+00
       0.412000000E+01         0.146035738E-34         0.365089345E-35         0.365089345E-35         0.146035738E-34         0.000000000E+00
       0.414000000E+01         0.145972608E-34         0.364931520E-35         0.364931520E-35         0.145972608E-34         0.000000000E+00
       0.416000000E+01         0.148103746E-34         0.370259365E-35         0.370259365E-35         0.148103746E-34         0.000000000E+00
       0.418000000E+01         0.146423687E-34         0.366059218E-35         0.366059218E-35         0.146423687E-34         0.000000000E+00
       0.420000000E+01         0.141551082E-34         0.353877704E-35         0.353877704E-35         0.141551082E-34         0.000000000E+00
       0.422000000E+01         0.134429396E-34         0.336073490E-35         0.336073490E-35         0.134429396E-34         0.000000000E+00
       0.424000000E+01         0.129919748E-34         0.324799371E-35         0.324799371E-35         0.129919748E-34         0.000000000E+00
       0.426000000E+01         0.125306866E-34         0.313267165E-35         0.313267165E-35         0.125306866E-34         0.000000000E+00
       0.428000000E+01         0.124900508E-34         0.312251269E-35         0.312251269E-35         0.124900508E-34         0.000000000E+00
       0.430000000E+01         0.122962147E-34         0.307405367E-35         0.307405367E-35         0.122962147E-34         0.000000000E+00
       0.432000000E+01         0.118101028E-34         0.295252570E-35         0.295252570E-35         0.118101028E-34         0.000000000E+00
       0.434000000E+01         0.112968878E-34         0.282422195E-35         0.282422195E-35         0.112968878E-34         0.000000000E+00
       0.436000000E+01         0.109458518E-34         0.273646294E-35         0.273646294E-35         0.109458518E-34         0.000000000E+00
       0.438000000E+01         0.108861970E-34         0.272154926E-35         0.272154926E-35         0.108861970E-34         0.000000000E+00
       0.440000000E+01         0.111510235E-34         0.278775587E-35         0.278775587E-35         0.111510235E-34         0.000000000E+00
       0.442000000E+01         0.116411507E-34         0.291028767E-35         0.291028767E-35         0.116411507E-34         0.000000000E+00
       0.444000000E+01         0.120960131E-34         0.302400326E-35         0.302400326E-35         0.120960131E-34         0.000000000E+00
       0.446000000E+01         0.125204490E-34         0.313011226E-35         0.313011226E-35         0.125204490E-34         0.000000000E+00
       0.448000000E+01         0.128221566E-34         0.320553914E-35         0.320553914E-35         0.128221566E-34         0.000000000E+00
       0.450000000E+01         0.126617565E-34         0.316543912E-35         0.316543912E-35         0.126617565E-34         0.000000000E+00
       0.452000000E+01         0.123043208E-34         0.307608020E-35         0.307608020E-35         0.123043208E-34         0.000000000E+00
       0.454000000E+01         0.117184369E-34         0.292960922E-35         0.292960922E-35         0.117184369E-34         0.000000000E+00
       0.456000000E+01         0.112832676E-34         0.282081690E-35         0.282081690E-35         0.112832676E-34         0.000000000E+00
       0.458000000E+01         0.110027595E-34         0.275068987E-35         0.275068987E-35         0.110027595E-34         0.000000000E+00
       0.460000000E+01         0.104241523E-34         0.260603807E-35         0.260603807E-35         0.104241523E-34         0.000000000E+00
       0.462000000E+01         0.977704159E-35         0.244426040E-35         0.244426040E-35         0.977704159E-35         0.000000000E+00
       0.464000000E+01         0.932012743E-35         0.233003186E-35         0.233003186E-35         0.932012743E-35         0.000000000E+00
       0.466000000E+01         0.927518926E-35         0.231879732E-35         0.231879732E-35         0.927518926E-35         0.000000000E+00
       0.468000000E+01         0.952066938E-35         0.238016735E-35         0.238016735E-35         0.952066938E-35         0.000000000E+00
       0.470000000E+01         0.999928559E-35         0.249982140E-35         0.249982140E-35         0.999928559E-35         0.000000000E+00
       0.472000000E+01         0.108220253E-34         0.270550633E-35         0.270550633E-35         0.108220253E-34         0.000000000E+00
       0.474000000E+01         0.117599855E-34         0.293999636E-35         0.293999636E-35         0.117599855E-34         0.000000000E+00
       0.476000000E+01         0.119696986E-34         0.299242464E-35         0.299242464E-35         0.119696986E-34         0.000000000E+00
       0.478000000E+01         0.121615819E-34         0.304039546E-35         0.304039546E-35         0.121615819E-34         0.000000000E+00
       0.480000000E+01         0.123110051E-34         0.307775128E-35         0.307775128E-35         0.123110051E-34         0.000000000E+00
       0.482000000E+01         0.127919876E-34         0.319799691E-35         0.319799691E-35         0.127919876E-34         0.000000000E+00
       0.484000000E+01         0.130168272E-34         0.325420680E-35         0.325420680E-35         0.130168272E-34         0.000000000E+00
       0.486000000E+01         0.127874912E-34         0.319687280E-35         0.319687280E-35         0.127874912E-34         0.000000000E+00
       0.488000000E+01         0.123893054E-34         0.309732636E-35         0.309732636E-35         0.123893054E-34         0.000000000E+00
       0.490000000E+01         0.117290469E-34         0.293226172E-35         0.293226172E-35         0.117290469E-34         0.000000000E+00
       0.492000000E+01         0.112045431E-34         0.280113578E-35         0.280113578E-35         0.112045431E-34         0.000000000E+00
       0.494000000E+01         0.108942044E-34         0.272355111E-35         0.272355111E-35         0.108942044E-34         0.000000000E+00
       0.496000000E+01         0.103751276E-34         0.259378189E-35         0.259378189E-35         0.103751276E-34         0.000000000E+00
       0.498000000E+01         0.102456278E-34         0.256140696E-35         0.256140696E-35         0.102456278E-34         0.000000000E+00
       0.500000000E+01         0.104417785E-34         0.261044464E-35         0.261044464E-35         0.104417785E-34         0.000000000E+00
       0.502000000E+01         0.109338923E-34         0.273347308E-35         0.273347308E-35         0.109338923E-34         0.000000000E+00
       0.504000000E+01         0.114376909E-34         0.285942272E-35         0.285942272E-35         0.114376909E-34         0.000000000E+00
       0.506000000E+01         0.116367705E-34         0.290919261E-35         0.290919261E-35         0.116367705E-34         0.000000000E+00
       0.508000000E+01         0.116319044E-34         0.290797611E-35         0.290797611E-35         0.116319044E-34         0.000000000E+00
       0.510000000E+01         0.115342747E-34         0.288356867E-35         0.288356867E-35         0.115342747E-34         0.000000000E+00
       0.512000000E+01         0.118766459E-34         0.296916148E-35         0.296916148E-35         0.118766459E-34         0.000000000E+00
       0.514000000E+01         0.126669025E-34         0.316672561E-35         0.316672561E-35         0.126669025E-34         0.000000000E+00
       0.516000000E+01         0.129425040E-34         0.323562600E-35         0.323562600E-35         0.129425040E-34         0.000000000E+00
       0.518000000E+01         0.128874675E-34         0.322186687E-35         0.322186687E-35         0.128874675E-34         0.000000000E+00
       0.520000000E+01         0.131422713E-34         0.328556782E-35         0.328556782E-35         0.131422713E-34         0.000000000E+00
       0.522000000E+01         0.133367131E-34         0.333417828E-35         0.333417828E-35         0.133367131E-34         0.000000000E+00
       0.524000000E+01         0.135772631E-34         0.339431576E-35         0.339431576E-35         0.135772631E-34         0.000000000E+00
       0.526000000E+01         0.134010168E-34         0.335025421E-35         0.335025421E-35         0.134010168E-34         0.000000000E+00
       0.528000000E+01         0.130655898E-34         0.326639744E-35         0.326639744E-35         0.130655898E-34         0.000000000E+00
       0.530000000E+01         0.127050068E-34         0.317625171E-35         0.317625171E-35         0.127050068E-34         0.000000000E+00
       0.532000000E+01         0.122433529E-34         0.306083824E-35         0.306083824E-35         0.122433529E-34         0.000000000E+00
       0.534000000E+01         0.118451235E-34         0.296128088E-35         0.296128088E-35         0.118451235E-34         0.000000000E+00
       0.536000000E+01         0.116721922E-34         0.291804805E-35         0.291804805E-35         0.116721922E-34         0.000000000E+00
       0.538000000E+01         0.119771393E-34         0.299428481E-35         0.299428481E-35         0.119771393E-34         0.000000000E+00
       0.540000000E+01         0.125235614E-34         0.313089035E-35         0.313089035E-35         0.125235614E-34         0.000000000E+00
       0.542000000E+01         0.130370885E-34         0.325927212E-35         0.325927212E-35         0.130370885E-34         0.000000000E+00
       0.544000000E+01         0.133585608E-34         0.333964021E-35         0.333964021E-35         0.133585608E-34         0.000000000E+00
       0.546000000E+01         0.132351547E-34         0.330878866E-35         0.330878866E-35         0.132351547E-34         0.000000000E+00
       0.548000000E+01         0.131341416E-34         0.328353540E-35         0.328353540E-35         0.131341416E-34         0.000000000E+00
       0.550000000E+01         0.127866803E-34         0.319667008E-35         0.319667008E-35         0.127866803E-34         0.000000000E+00
       0.552000000E+01         0.121801101E-34         0.304502753E-35         0.304502753E-35         0.121801101E-34         0.000000000E+00
       0.554000000E+01         0.118280597E-34         0.295701492E-35         0.295701492E-35         0.118280597E-34         0.000000000E+00
       0.556000000E+01         0.119323049E-34         0.298307622E-35         0.298307622E-35         0.119323049E-34         0.000000000E+00
       0.558000000E+01         0.124723218E-34         0.311808045E-35         0.311808045E-35         0.124723218E-34         0.000000000E+00
       0.560000000E+01         0.130013810E-34         0.325034525E-35         0.325034525E-35         0.130013810E-34         0.000000000E+00
       0.562000000E+01         0.136048761E-34         0.340121903E-35         0.340121903E-35         0.136048761E-34         0.000000000E+00
       0.564000000E+01         0.139892862E-34         0.349732155E-35         0.349732155E-35         0.139892862E-34         0.000000000E+00
       0.566000000E+01         0.138708267E-34         0.346770668E-35         0.346770668E-35         0.138708267E-34         0.000000000E+00
       0.568000000E+01         0.138590939E-34         0.346477348E-35         0.346477348E-35         0.138590939E-34         0.000000000E+00
       0.570000000E+01         0.141174327E-34         0.352935819E-35         0.352935819E-35         0.141174327E-34         0.000000000E+00
       0.572000000E+01         0.144376132E-34         0.360940330E-35         0.360940330E-35         0.144376132E-34         0.000000000E+00
       0.574000000E+01         0.147139234E-34         0.367848086E-35         0.367848086E-35         0.147139234E-34         0.000000000E+00
       0.576000000E+01         0.149258839E-34         0.373147098E-35         0.373147098E-35         0.149258839E-34         0.000000000E+00
       0.578000000E+01         0.148536403E-34         0.371341007E-35         0.371341007E-35         0.148536403E-34         0.000000000E+00
       0.580000000E+01         0.145293761E-34         0.363234402E-35         0.363234402E-35         0.145293761E-34         0.000000000E+00
       0.582000000E+01         0.144129531E-34         0.360323828E-35         0.360323828E-35         0.144129531E-34         0.000000000E+00
       0.584000000E+01         0.142545807E-34         0.356364518E-35         0.356364518E-35         0.142545807E-34         0.000000000E+00
       0.586000000E+01         0.142747249E-34         0.356868124E-35         0.356868124E-35         0.142747249E-34         0.000000000E+00
       0.588000000E+01         0.144664340E-34         0.361660851E-35         0.361660851E-35         0.144664340E-34         0.000000000E+00
       0.590000000E+01         0.146718380E-34         0.366795951E-35         0.366795951E-35         0.146718380E-34         0.000000000E+00
       0.592000000E+01         0.148860764E-34         0.372151910E-35         0.372151910E-35         0.148860764E-34         0.000000000E+00
       0.594000000E+01         0.152896178E-34         0.382240445E-35         0.382240445E-35         0.152896178E-34         0.000000000E+00
       0.596000000E+01         0.155188760E-34         0.387971900E-35         0.387971900E-35         0.155188760E-34         0.000000000E+00
       0.598000000E+01         0.149328750E-34         0.373321875E-35         0.373321875E-35         0.149328750E-34         0.000000000E+00
       0.600000000E+01         0.140731503E-34         0.351828758E-35         0.351828758E-35         0.140731503E-34         0.000000000E+00
       0.602000000E+01         0.135858016E-34         0.339645041E-35         0.339645041E-35         0.135858016E-34         0.000000000E+00
       0.604000000E+01         0.132857142E-34         0.332142855E-35         0.332142855E-35         0.132857142E-34         0.000000000E+00
       0.606000000E+01         0.130625345E-34         0.326563362E-35         0.326563362E-35         0.130625345E-34         0.000000000E+00
       0.608000000E+01         0.129091733E-34         0.322729333E-35         0.322729333E-35         0.129091733E-34         0.000000000E+00
       0.610000000E+01         0.128845578E-34         0.322113945E-35         0.322113945E-35         0.128845578E-34         0.000000000E+00
       0.612000000E+01         0.127336361E-34         0.318340903E-35         0.318340903E-35         0.127336361E-34         0.000000000E+00
       0.614000000E+01         0.125824900E-34         0.314562251E-35         0.314562251E-35         0.125824900E-34         0.000000000E+00
       0.616000000E+01         0.124362541E-34         0.310906352E-35         0.310906352E-35         0.124362541E-34         0.000000000E+00
       0.618000000E+01         0.123221274E-34         0.308053184E-35         0.308053184E-35         0.123221274E-34         0.000000000E+00
       0.620000000E+01         0.124103913E-34         0.310259783E-35         0.310259783E-35         0.124103913E-34         0.000000000E+00
       0.622000000E+01         0.129843971E-34         0.324609927E-35         0.324609927E-35         0.129843971E-34         0.000000000E+00
       0.624000000E+01         0.134035656E-34         0.335089139E-35         0.335089139E-35         0.134035656E-34         0.000000000E+00
       0.626000000E+01         0.137470422E-34         0.343676056E-35         0.343676056E-35         0.137470422E-34         0.000000000E+00
       0.628000000E+01         0.139163350E-34         0.347908375E-35         0.347908375E-35         0.139163350E-34         0.000000000E+00
       0.630000000E+01         0.136180593E-34         0.340451482E-35         0.340451482E-35         0.136180593E-34         0.000000000E+00
       0.632000000E+01         0.136361537E-34         0.340903842E-35         0.340903842E-35         0.136361537E-34         0.000000000E+00
       0.634000000E+01         0.136661771E-34         0.341654428E-35         0.341654428E-35         0.136661771E-34         0.000000000E+00
       0.636000000E+01         0.141437843E-34         0.353594608E-35         0.353594608E-35         0.141437843E-34         0.000000000E+00
       0.638000000E+01         0.145080362E-34         0.362700906E-35         0.362700906E-35         0.145080362E-34         0.000000000E+00
       0.640000000E+01         0.147782179E-34         0.369455448E-35         0.369455448E-35         0.147782179E-34         0.000000000E+00
       0.642000000E+01         0.153298093E-34         0.383245232E-35         0.383245232E-35         0.153298093E-34         0.000000000E+00
       0.644000000E+01         0.156953716E-34         0.392384291E-35         0.392384291E-35         0.156953716E-34         0.000000000E+00
       0.646000000E+01         0.159684624E-34         0.399211560E-35         0.399211560E-35         0.159684624E-34         0.000000000E+00
       0.648000000E+01         0.160507984E-34         0.401269959E-35         0.401269959E-35         0.160507984E-34         0.000000000E+00
       0.650000000E+01         0.158285321E-34         0.395713303E-35         0.395713303E-35         0.158285321E-34         0.000000000E+00
       0.652000000E+01         0.153761373E-34         0.384403433E-35         0.384403433E-35         0.153761373E-34         0.000000000E+00
       0.654000000E+01         0.148121638E-34         0.370304095E-35         0.370304095E-35         0.148121638E-34         0.000000000E+00
       0.656000000E+01         0.144572134E-34         0.361430334E-35         0.361430334E-35         0.144572134E-34         0.000000000E+00
       0.658000000E+01         0.140575346E-34         0.351438365E-35         0.351438365E-35         0.140575346E-34         0.000000000E+00
       0.660000000E+01         0.138996048E-34         0.347490121E-35         0.347490121E-35         0.138996048E-34         0.000000000E+00
       0.662000000E+01         0.139301583E-34         0.348253958E-35         0.348253958E-35         0.139301583E-34         0.000000000E+00
       0.664000000E+01         0.137452822E-34         0.343632055E-35         0.343632055E-35         0.137452822E-34         0.000000000E+00
       0.666000000E+01         0.137993759E-34         0.344984398E-35         0.344984398E-35         0.137993759E-34         0.000000000E+00
       0.668000000E+01         0.138662776E-34         0.346656941E-35         0.346656941E-35         0.138662776E-34         0.000000000E+00
       0.670000000E+01         0.142247312E-34         0.355618281E-35         0.355618281E-35         0.142247312E-34         0.000000000E+00
       0.672000000E+01         0.144179017E-34         0.360447544E-35         0.360447544E-35         0.144179017E-34         0.000000000E+00
       0.674000000E+01         0.145779900E-34         0.364449750E-35         0.364449750E-35         0.145779900E-34         0.000000000E+00
       0.676000000E+01         0.147312048E-34         0.368280120E-35         0.368280120E-35         0.147312048E-34         0.000000000E+00
       0.678000000E+01         0.145675656E-34         0.364189140E-35         0.364189140E-35         0.145675656E-34         0.000000000E+00
       0.680000000E+01         0.143680675E-34         0.359201686E-35         0.359201686E-35         0.143680675E-34         0.000000000E+00
       0.682000000E+01         0.144183774E-34         0.360459435E-35         0.360459435E-35         0.144183774E-34         0.000000000E+00
       0.684000000E+01         0.146485055E-34         0.366212636E-35         0.366212636E-35         0.146485055E-34         0.000000000E+00
       0.686000000E+01         0.147049281E-34         0.367623202E-35         0.367623202E-35         0.147049281E-34         0.000000000E+00
       0.688000000E+01         0.151330313E-34         0.378325783E-35         0.378325783E-35         0.151330313E-34         0.000000000E+00
       0.690000000E+01         0.154683481E-34         0.386708704E-35         0.386708704E-35         0.154683481E-34         0.000000000E+00
       0.692000000E+01         0.159182254E-34         0.397955634E-35         0.397955634E-35         0.159182254E-34         0.000000000E+00
       0.694000000E+01         0.164008474E-34         0.410021186E-35         0.410021186E-35         0.164008474E-34         0.000000000E+00
       0.696000000E+01         0.165667119E-34         0.414167797E-35         0.414167797E-35         0.165667119E-34         0.000000000E+00
       0.698000000E+01         0.165376687E-34         0.413441718E-35         0.413441718E-35         0.165376687E-34         0.000000000E+00
       0.700000000E+01         0.164534136E-34         0.411335340E-35         0.411335340E-35         0.164534136E-34         0.000000000E+00
       0.702000000E+01         0.160781813E-34         0.401954532E-35         0.401954532E-35         0.160781813E-34         0.000000000E+00
       0.704000000E+01         0.155918429E-34         0.389796071E-35         0.389796071E-35         0.155918429E-34         0.000000000E+00
       0.706000000E+01         0.153538121E-34         0.383845302E-35         0.383845302E-35         0.153538121E-34         0.000000000E+00
       0.708000000E+01         0.151490284E-34         0.378725710E-35         0.378725710E-35         0.151490284E-34         0.000000000E+00
       0.710000000E+01         0.152063901E-34         0.380159752E-35         0.380159752E-35         0.152063901E-34         0.000000000E+00
       0.712000000E+01         0.155328502E-34         0.388321255E-35         0.388321255E-35         0.155328502E-34         0.000000000E+00
       0.714000000E+01         0.157641470E-34         0.394103675E-35         0.394103675E-35         0.157641470E-34         0.000000000E+00
       0.716000000E+01         0.160687407E-34         0.401718517E-35         0.401718517E-35         0.160687407E-34         0.000000000E+00
       0.718000000E+01         0.165773236E-34         0.414433089E-35         0.414433089E-35         0.165773236E-34         0.000000000E+00
       0.720000000E+01         0.167728564E-34         0.419321409E-35         0.419321409E-35         0.167728564E-34         0.000000000E+00
       0.722000000E+01         0.165934451E-34         0.414836126E-35         0.414836126E-35         0.165934451E-34         0.000000000E+00
       0.724000000E+01         0.165863684E-34         0.414659211E-35         0.414659211E-35         0.165863684E-34         0.000000000E+00
       0.726000000E+01         0.164901429E-34         0.412253572E-35         0.412253572E-35         0.164901429E-34         0.000000000E+00
       0.728000000E+01         0.168098606E-34         0.420246514E-35         0.420246514E-35         0.168098606E-34         0.000000000E+00
       0.730000000E+01         0.171524015E-34         0.428810038E-35         0.428810038E-35         0.171524015E-34         0.000000000E+00
       0.732000000E+01         0.170863750E-34         0.427159376E-35         0.427159376E-35         0.170863750E-34         0.000000000E+00
       0.734000000E+01         0.168741813E-34         0.421854533E-35         0.421854533E-35         0.168741813E-34         0.000000000E+00
       0.736000000E+01         0.166217980E-34         0.415544951E-35         0.415544951E-35         0.166217980E-34         0.000000000E+00
       0.738000000E+01         0.164016610E-34         0.410041524E-35         0.410041524E-35         0.164016610E-34         0.000000000E+00
       0.740000000E+01         0.163373671E-34         0.408434179E-35         0.408434179E-35         0.163373671E-34         0.000000000E+00
       0.742000000E+01         0.164446449E-34         0.411116123E-35         0.411116123E-35         0.164446449E-34         0.000000000E+00
       0.744000000E+01         0.166665866E-34         0.416664664E-35         0.416664664E-35         0.166665866E-34         0.000000000E+00
       0.746000000E+01         0.167743122E-34         0.419357805E-35         0.419357805E-35         0.167743122E-34         0.000000000E+00
       0.748000000E+01         0.169111613E-34         0.422779033E-35         0.422779033E-35         0.169111613E-34         0.000000000E+00
       0.750000000E+01         0.170990981E-34         0.427477453E-35         0.427477453E-35         0.170990981E-34         0.000000000E+00
       0.752000000E+01         0.170861118E-34         0.427152796E-35         0.427152796E-35         0.170861118E-34         0.000000000E+00
       0.754000000E+01         0.170425711E-34         0.426064276E-35         0.426064276E-35         0.170425711E-34         0.000000000E+00
       0.756000000E+01         0.173534542E-34         0.433836355E-35         0.433836355E-35         0.173534542E-34         0.000000000E+00
       0.758000000E+01         0.179015195E-34         0.447537988E-35         0.447537988E-35         0.179015195E-34         0.000000000E+00
       0.760000000E+01         0.184984696E-34         0.462461740E-35         0.462461740E-35         0.184984696E-34         0.000000000E+00
       0.762000000E+01         0.192299277E-34         0.480748192E-35         0.480748192E-35         0.192299277E-34         0.000000000E+00
       0.764000000E+01         0.194515558E-34         0.486288895E-35         0.486288895E-35         0.194515558E-34         0.000000000E+00
       0.766000000E+01         0.196871598E-34         0.492178996E-35         0.492178996E-35         0.196871598E-34         0.000000000E+00
       0.768000000E+01         0.196144886E-34         0.490362216E-35         0.490362216E-35         0.196144886E-34         0.000000000E+00
       0.770000000E+01         0.189598323E-34         0.473995808E-35         0.473995808E-35         0.189598323E-34         0.000000000E+00
       0.772000000E+01         0.180127218E-34         0.450318045E-35         0.450318045E-35         0.180127218E-34         0.000000000E+00
       0.774000000E+01         0.168054999E-34         0.420137497E-35         0.420137497E-35         0.168054999E-34         0.000000000E+00
       0.776000000E+01         0.162994512E-34         0.407486280E-35         0.407486280E-35         0.162994512E-34         0.000000000E+00
       0.778000000E+01         0.164063095E-34         0.410157738E-35         0.410157738E-35         0.164063095E-34         0.000000000E+00
       0.780000000E+01         0.167474451E-34         0.418686127E-35         0.418686127E-35         0.167474451E-34         0.000000000E+00
       0.782000000E+01         0.166972489E-34         0.417431224E-35         0.417431224E-35         0.166972489E-34         0.000000000E+00
       0.784000000E+01         0.162462040E-34         0.406155100E-35         0.406155100E-35         0.162462040E-34         0.000000000E+00
       0.786000000E+01         0.158369604E-34         0.395924010E-35         0.395924010E-35         0.158369604E-34         0.000000000E+00
       0.788000000E+01         0.159336394E-34         0.398340985E-35         0.398340985E-35         0.159336394E-34         0.000000000E+00
       0.790000000E+01         0.167693628E-34         0.419234069E-35         0.419234069E-35         0.167693628E-34         0.000000000E+00
       0.792000000E+01         0.169087048E-34         0.422717620E-35         0.422717620E-35         0.169087048E-34         0.000000000E+00
       0.794000000E+01         0.169890235E-34         0.424725588E-35         0.424725588E-35         0.169890235E-34         0.000000000E+00
