#energy per mode
# t  ec mode
       0.200000000E-02         0.777007817E-01         0.194251954E-01         0.194251954E-01         0.777007817E-01         0.000000000E+00
       0.200000000E-01         0.763937420E-01         0.190984355E-01         0.190984355E-01         0.763937420E-01         0.000000000E+00
       0.400000000E-01         0.757480100E-01         0.189370025E-01         0.189370025E-01         0.757480100E-01         0.000000000E+00
       0.600000000E-01         0.751527024E-01         0.187881756E-01         0.187881756E-01         0.751527024E-01         0.000000000E+00
       0.800000000E-01         0.746430187E-01         0.186607547E-01         0.186607547E-01         0.746430187E-01         0.000000000E+00
       0.100000000E+00         0.742063480E-01         0.185515870E-01         0.185515870E-01         0.742063480E-01         0.000000000E+00
       0.120000000E+00         0.738204910E-01         0.184551227E-01         0.184551227E-01         0.738204910E-01         0.000000000E+00
       0.140000000E+00         0.734703500E-01         0.183675875E-01         0.183675875E-01         0.734703500E-01         0.000000000E+00
       0.160000000E+00         0.731461716E-01         0.182865429E-01         0.182865429E-01         0.731461716E-01         0.000000000E+00
       0.180000000E+00         0.728418179E-01         0.182104545E-01         0.182104545E-01         0.728418179E-01         0.000000000E+00
       0.200000000E+00         0.725533080E-01         0.181383270E-01         0.181383270E-01         0.725533080E-01         0.000000000E+00
       0.220000000E+00         0.722778718E-01         0.180694680E-01         0.180694680E-01         0.722778718E-01         0.000000000E+00
       0.240000000E+00         0.720134377E-01         0.180033594E-01         0.180033594E-01         0.720134377E-01         0.000000000E+00
       0.260000000E+00         0.717583728E-01         0.179395932E-01         0.179395932E-01         0.717583728E-01         0.000000000E+00
       0.280000000E+00         0.715113490E-01         0.178778373E-01         0.178778373E-01         0.715113490E-01         0.000000000E+00
       0.300000000E+00         0.712712668E-01         0.178178167E-01         0.178178167E-01         0.712712668E-01         0.000000000E+00
       0.320000000E+00         0.710372069E-01         0.177593017E-01         0.177593017E-01         0.710372069E-01         0.000000000E+00
       0.340000000E+00         0.708083952E-01         0.177020988E-01         0.177020988E-01         0.708083952E-01         0.000000000E+00
       0.360000000E+00         0.705841768E-01         0.176460442E-01         0.176460442E-01         0.705841768E-01         0.000000000E+00
       0.380000000E+00         0.703639941E-01         0.175909985E-01         0.175909985E-01         0.703639941E-01         0.000000000E+00
       0.400000000E+00         0.701473704E-01         0.175368426E-01         0.175368426E-01         0.701473704E-01         0.000000000E+00
       0.420000000E+00         0.699338957E-01         0.174834739E-01         0.174834739E-01         0.699338957E-01         0.000000000E+00
       0.440000000E+00         0.697232155E-01         0.174308039E-01         0.174308039E-01         0.697232155E-01         0.000000000E+00
       0.460000000E+00         0.695150221E-01         0.173787555E-01         0.173787555E-01         0.695150221E-01         0.000000000E+00
       0.480000000E+00         0.693090469E-01         0.173272617E-01         0.173272617E-01         0.693090469E-01         0.000000000E+00
       0.500000000E+00         0.691050543E-01         0.172762636E-01         0.172762636E-01         0.691050543E-01         0.000000000E+00
       0.520000000E+00         0.689028373E-01         0.172257093E-01         0.172257093E-01         0.689028373E-01         0.000000000E+00
       0.540000000E+00         0.687022127E-01         0.171755532E-01         0.171755532E-01         0.687022127E-01         0.000000000E+00
       0.560000000E+00         0.685030184E-01         0.171257546E-01         0.171257546E-01         0.685030184E-01         0.000000000E+00
       0.580000000E+00         0.683051104E-01         0.170762776E-01         0.170762776E-01         0.683051104E-01         0.000000000E+00
       0.600000000E+00         0.681083602E-01         0.170270901E-01         0.170270901E-01         0.681083602E-01         0.000000000E+00
       0.620000000E+00         0.679126534E-01         0.169781634E-01         0.169781634E-01         0.679126534E-01         0.000000000E+00
       0.640000000E+00         0.677178875E-01         0.169294719E-01         0.169294719E-01         0.677178875E-01         0.000000000E+00
       0.660000000E+00         0.675239707E-01         0.168809927E-01         0.168809927E-01         0.675239707E-01         0.000000000E+00
       0.680000000E+00         0.673308208E-01         0.168327052E-01         0.168327052E-01         0.673308208E-01         0.000000000E+00
       0.700000000E+00         0.671383640E-01         0.167845910E-01         0.167845910E-01         0.671383640E-01         0.000000000E+00
       0.720000000E+00         0.669465341E-01         0.167366335E-01         0.167366335E-01         0.669465341E-01         0.000000000E+00
       0.740000000E+00         0.667552715E-01         0.166888179E-01         0.166888179E-01         0.667552715E-01         0.000000000E+00
       0.760000000E+00         0.665645231E-01         0.166411308E-01         0.166411308E-01         0.665645231E-01         0.000000000E+00
       0.780000000E+00         0.663742411E-01         0.165935603E-01         0.165935603E-01         0.663742411E-01         0.000000000E+00
       0.800000000E+00         0.661843830E-01         0.165460957E-01         0.165460957E-01         0.661843830E-01         0.000000000E+00
       0.820000000E+00         0.659949110E-01         0.164987278E-01         0.164987278E-01         0.659949110E-01         0.000000000E+00
       0.840000000E+00         0.658057918E-01         0.164514480E-01         0.164514480E-01         0.658057918E-01         0.000000000E+00
       0.860000000E+00         0.656169960E-01         0.164042490E-01         0.164042490E-01         0.656169960E-01         0.000000000E+00
       0.880000000E+00         0.654284981E-01         0.163571245E-01         0.163571245E-01         0.654284981E-01         0.000000000E+00
       0.900000000E+00         0.652402762E-01         0.163100690E-01         0.163100690E-01         0.652402762E-01         0.000000000E+00
       0.920000000E+00         0.650523116E-01         0.162630779E-01         0.162630779E-01         0.650523116E-01         0.000000000E+00
       0.940000000E+00         0.648645889E-01         0.162161472E-01         0.162161472E-01         0.648645889E-01         0.000000000E+00
       0.960000000E+00         0.646770955E-01         0.161692739E-01         0.161692739E-01         0.646770955E-01         0.000000000E+00
       0.980000000E+00         0.644898218E-01         0.161224554E-01         0.161224554E-01         0.644898218E-01         0.000000000E+00
       0.100000000E+01         0.643027604E-01         0.160756901E-01         0.160756901E-01         0.643027604E-01         0.000000000E+00
       0.102000000E+01         0.641159066E-01         0.160289767E-01         0.160289767E-01         0.641159066E-01         0.000000000E+00
       0.104000000E+01         0.639292578E-01         0.159823145E-01         0.159823145E-01         0.639292578E-01         0.000000000E+00
       0.106000000E+01         0.637428136E-01         0.159357034E-01         0.159357034E-01         0.637428136E-01         0.000000000E+00
       0.108000000E+01         0.635565753E-01         0.158891438E-01         0.158891438E-01         0.635565753E-01         0.000000000E+00
       0.110000000E+01         0.633705461E-01         0.158426365E-01         0.158426365E-01         0.633705461E-01         0.000000000E+00
       0.112000000E+01         0.631847309E-01         0.157961827E-01         0.157961827E-01         0.631847309E-01         0.000000000E+00
       0.114000000E+01         0.629991360E-01         0.157497840E-01         0.157497840E-01         0.629991360E-01         0.000000000E+00
       0.116000000E+01         0.628137689E-01         0.157034422E-01         0.157034422E-01         0.628137689E-01         0.000000000E+00
       0.118000000E+01         0.626286386E-01         0.156571597E-01         0.156571597E-01         0.626286386E-01         0.000000000E+00
       0.120000000E+01         0.624437551E-01         0.156109388E-01         0.156109388E-01         0.624437551E-01         0.000000000E+00
       0.122000000E+01         0.622591294E-01         0.155647824E-01         0.155647824E-01         0.622591294E-01         0.000000000E+00
       0.124000000E+01         0.620747734E-01         0.155186934E-01         0.155186934E-01         0.620747734E-01         0.000000000E+00
       0.126000000E+01         0.618906998E-01         0.154726750E-01         0.154726750E-01         0.618906998E-01         0.000000000E+00
       0.128000000E+01         0.617069221E-01         0.154267305E-01         0.154267305E-01         0.617069221E-01         0.000000000E+00
       0.130000000E+01         0.615234544E-01         0.153808636E-01         0.153808636E-01         0.615234544E-01         0.000000000E+00
       0.132000000E+01         0.613403113E-01         0.153350778E-01         0.153350778E-01         0.613403113E-01         0.000000000E+00
       0.134000000E+01         0.611575079E-01         0.152893770E-01         0.152893770E-01         0.611575079E-01         0.000000000E+00
       0.136000000E+01         0.609750598E-01         0.152437650E-01         0.152437650E-01         0.609750598E-01         0.000000000E+00
       0.138000000E+01         0.607929830E-01         0.151982457E-01         0.151982457E-01         0.607929830E-01         0.000000000E+00
       0.140000000E+01         0.606112936E-01         0.151528234E-01         0.151528234E-01         0.606112936E-01         0.000000000E+00
       0.142000000E+01         0.604300081E-01         0.151075020E-01         0.151075020E-01         0.604300081E-01         0.000000000E+00
       0.144000000E+01         0.602491432E-01         0.150622858E-01         0.150622858E-01         0.602491432E-01         0.000000000E+00
       0.146000000E+01         0.600687156E-01         0.150171789E-01         0.150171789E-01         0.600687156E-01         0.000000000E+00
       0.148000000E+01         0.598887422E-01         0.149721856E-01         0.149721856E-01         0.598887422E-01         0.000000000E+00
       0.150000000E+01         0.597092400E-01         0.149273100E-01         0.149273100E-01         0.597092400E-01         0.000000000E+00
       0.152000000E+01         0.595302259E-01         0.148825565E-01         0.148825565E-01         0.595302259E-01         0.000000000E+00
       0.154000000E+01         0.593517167E-01         0.148379292E-01         0.148379292E-01         0.593517167E-01         0.000000000E+00
       0.156000000E+01         0.591737293E-01         0.147934323E-01         0.147934323E-01         0.591737293E-01         0.000000000E+00
       0.158000000E+01         0.589962804E-01         0.147490701E-01         0.147490701E-01         0.589962804E-01         0.000000000E+00
       0.160000000E+01         0.588193864E-01         0.147048466E-01         0.147048466E-01         0.588193864E-01         0.000000000E+00
       0.162000000E+01         0.586430638E-01         0.146607660E-01         0.146607660E-01         0.586430638E-01         0.000000000E+00
       0.164000000E+01         0.584673287E-01         0.146168322E-01         0.146168322E-01         0.584673287E-01         0.000000000E+00
       0.166000000E+01         0.582921969E-01         0.145730492E-01         0.145730492E-01         0.582921969E-01         0.000000000E+00
       0.168000000E+01         0.581176842E-01         0.145294210E-01         0.145294210E-01         0.581176842E-01         0.000000000E+00
       0.170000000E+01         0.579438057E-01         0.144859514E-01         0.144859514E-01         0.579438057E-01         0.000000000E+00
       0.172000000E+01         0.577705766E-01         0.144426441E-01         0.144426441E-01         0.577705766E-01         0.000000000E+00
       0.174000000E+01         0.575980115E-01         0.143995029E-01         0.143995029E-01         0.575980115E-01         0.000000000E+00
       0.176000000E+01         0.574261246E-01         0.143565312E-01         0.143565312E-01         0.574261246E-01         0.000000000E+00
       0.178000000E+01         0.572549300E-01         0.143137325E-01         0.143137325E-01         0.572549300E-01         0.000000000E+00
       0.180000000E+01         0.570844411E-01         0.142711103E-01         0.142711103E-01         0.570844411E-01         0.000000000E+00
       0.182000000E+01         0.569146710E-01         0.142286678E-01         0.142286678E-01         0.569146710E-01         0.000000000E+00
       0.184000000E+01         0.567456326E-01         0.141864081E-01         0.141864081E-01         0.567456326E-01         0.000000000E+00
       0.186000000E+01         0.565773380E-01         0.141443345E-01         0.141443345E-01         0.565773380E-01         0.000000000E+00
       0.188000000E+01         0.564097990E-01         0.141024498E-01         0.141024498E-01         0.564097990E-01         0.000000000E+00
       0.190000000E+01         0.562430271E-01         0.140607568E-01         0.140607568E-01         0.562430271E-01         0.000000000E+00
       0.192000000E+01         0.560770331E-01         0.140192583E-01         0.140192583E-01         0.560770331E-01         0.000000000E+00
       0.194000000E+01         0.559118276E-01         0.139779569E-01         0.139779569E-01         0.559118276E-01         0.000000000E+00
       0.196000000E+01         0.557474205E-01         0.139368551E-01         0.139368551E-01         0.557474205E-01         0.000000000E+00
       0.198000000E+01         0.555838213E-01         0.138959553E-01         0.138959553E-01         0.555838213E-01         0.000000000E+00
       0.200000000E+01         0.554210392E-01         0.138552598E-01         0.138552598E-01         0.554210392E-01         0.000000000E+00
       0.202000000E+01         0.552590826E-01         0.138147706E-01         0.138147706E-01         0.552590826E-01         0.000000000E+00
       0.204000000E+01         0.550979596E-01         0.137744899E-01         0.137744899E-01         0.550979596E-01         0.000000000E+00
       0.206000000E+01         0.549376780E-01         0.137344195E-01         0.137344195E-01         0.549376780E-01         0.000000000E+00
       0.208000000E+01         0.547782449E-01         0.136945612E-01         0.136945612E-01         0.547782449E-01         0.000000000E+00
       0.210000000E+01         0.546196669E-01         0.136549167E-01         0.136549167E-01         0.546196669E-01         0.000000000E+00
       0.212000000E+01         0.544619504E-01         0.136154876E-01         0.136154876E-01         0.544619504E-01         0.000000000E+00
       0.214000000E+01         0.543051011E-01         0.135762753E-01         0.135762753E-01         0.543051011E-01         0.000000000E+00
       0.216000000E+01         0.541491242E-01         0.135372811E-01         0.135372811E-01         0.541491242E-01         0.000000000E+00
       0.218000000E+01         0.539940248E-01         0.134985062E-01         0.134985062E-01         0.539940248E-01         0.000000000E+00
       0.220000000E+01         0.538398072E-01         0.134599518E-01         0.134599518E-01         0.538398072E-01         0.000000000E+00
       0.222000000E+01         0.536864754E-01         0.134216188E-01         0.134216188E-01         0.536864754E-01         0.000000000E+00
       0.224000000E+01         0.535340329E-01         0.133835082E-01         0.133835082E-01         0.535340329E-01         0.000000000E+00
       0.226000000E+01         0.533824831E-01         0.133456208E-01         0.133456208E-01         0.533824831E-01         0.000000000E+00
       0.228000000E+01         0.532318285E-01         0.133079571E-01         0.133079571E-01         0.532318285E-01         0.000000000E+00
       0.230000000E+01         0.530820715E-01         0.132705179E-01         0.132705179E-01         0.530820715E-01         0.000000000E+00
       0.232000000E+01         0.529332140E-01         0.132333035E-01         0.132333035E-01         0.529332140E-01         0.000000000E+00
       0.234000000E+01         0.527852577E-01         0.131963144E-01         0.131963144E-01         0.527852577E-01         0.000000000E+00
       0.236000000E+01         0.526382036E-01         0.131595509E-01         0.131595509E-01         0.526382036E-01         0.000000000E+00
       0.238000000E+01         0.524920527E-01         0.131230132E-01         0.131230132E-01         0.524920527E-01         0.000000000E+00
       0.240000000E+01         0.523468054E-01         0.130867013E-01         0.130867013E-01         0.523468054E-01         0.000000000E+00
       0.242000000E+01         0.522024618E-01         0.130506154E-01         0.130506154E-01         0.522024618E-01         0.000000000E+00
       0.244000000E+01         0.520590217E-01         0.130147554E-01         0.130147554E-01         0.520590217E-01         0.000000000E+00
       0.246000000E+01         0.519164846E-01         0.129791212E-01         0.129791212E-01         0.519164846E-01         0.000000000E+00
       0.248000000E+01         0.517748497E-01         0.129437124E-01         0.129437124E-01         0.517748497E-01         0.000000000E+00
       0.250000000E+01         0.516341159E-01         0.129085290E-01         0.129085290E-01         0.516341159E-01         0.000000000E+00
       0.252000000E+01         0.514942817E-01         0.128735704E-01         0.128735704E-01         0.514942817E-01         0.000000000E+00
       0.254000000E+01         0.513553454E-01         0.128388364E-01         0.128388364E-01         0.513553454E-01         0.000000000E+00
       0.256000000E+01         0.512173052E-01         0.128043263E-01         0.128043263E-01         0.512173052E-01         0.000000000E+00
       0.258000000E+01         0.510801588E-01         0.127700397E-01         0.127700397E-01         0.510801588E-01         0.000000000E+00
       0.260000000E+01         0.509439038E-01         0.127359759E-01         0.127359759E-01         0.509439038E-01         0.000000000E+00
       0.262000000E+01         0.508085375E-01         0.127021344E-01         0.127021344E-01         0.508085375E-01         0.000000000E+00
       0.264000000E+01         0.506740571E-01         0.126685143E-01         0.126685143E-01         0.506740571E-01         0.000000000E+00
       0.266000000E+01         0.505404595E-01         0.126351149E-01         0.126351149E-01         0.505404595E-01         0.000000000E+00
       0.268000000E+01         0.504077413E-01         0.126019353E-01         0.126019353E-01         0.504077413E-01         0.000000000E+00
       0.270000000E+01         0.502758992E-01         0.125689748E-01         0.125689748E-01         0.502758992E-01         0.000000000E+00
       0.272000000E+01         0.501449295E-01         0.125362324E-01         0.125362324E-01         0.501449295E-01         0.000000000E+00
       0.274000000E+01         0.500148285E-01         0.125037071E-01         0.125037071E-01         0.500148285E-01         0.000000000E+00
       0.276000000E+01         0.498855920E-01         0.124713980E-01         0.124713980E-01         0.498855920E-01         0.000000000E+00
       0.278000000E+01         0.497572162E-01         0.124393040E-01         0.124393040E-01         0.497572162E-01         0.000000000E+00
       0.280000000E+01         0.496296966E-01         0.124074242E-01         0.124074242E-01         0.496296966E-01         0.000000000E+00
       0.282000000E+01         0.495030291E-01         0.123757573E-01         0.123757573E-01         0.495030291E-01         0.000000000E+00
       0.284000000E+01         0.493772091E-01         0.123443023E-01         0.123443023E-01         0.493772091E-01         0.000000000E+00
       0.286000000E+01         0.492522320E-01         0.123130580E-01         0.123130580E-01         0.492522320E-01         0.000000000E+00
       0.288000000E+01         0.491280932E-01         0.122820233E-01         0.122820233E-01         0.491280932E-01         0.000000000E+00
       0.290000000E+01         0.490047879E-01         0.122511970E-01         0.122511970E-01         0.490047879E-01         0.000000000E+00
       0.292000000E+01         0.488823112E-01         0.122205778E-01         0.122205778E-01         0.488823112E-01         0.000000000E+00
       0.294000000E+01         0.487606583E-01         0.121901646E-01         0.121901646E-01         0.487606583E-01         0.000000000E+00
       0.296000000E+01         0.486398242E-01         0.121599560E-01         0.121599560E-01         0.486398242E-01         0.000000000E+00
       0.298000000E+01         0.485198037E-01         0.121299509E-01         0.121299509E-01         0.485198037E-01         0.000000000E+00
       0.300000000E+01         0.484005919E-01         0.121001480E-01         0.121001480E-01         0.484005919E-01         0.000000000E+00
       0.302000000E+01         0.482821834E-01         0.120705459E-01         0.120705459E-01         0.482821834E-01         0.000000000E+00
       0.304000000E+01         0.481645732E-01         0.120411433E-01         0.120411433E-01         0.481645732E-01         0.000000000E+00
       0.306000000E+01         0.480477559E-01         0.120119390E-01         0.120119390E-01         0.480477559E-01         0.000000000E+00
       0.308000000E+01         0.479317263E-01         0.119829316E-01         0.119829316E-01         0.479317263E-01         0.000000000E+00
       0.310000000E+01         0.478164792E-01         0.119541198E-01         0.119541198E-01         0.478164792E-01         0.000000000E+00
       0.312000000E+01         0.477020090E-01         0.119255023E-01         0.119255023E-01         0.477020090E-01         0.000000000E+00
       0.314000000E+01         0.475883106E-01         0.118970776E-01         0.118970776E-01         0.475883106E-01         0.000000000E+00
       0.316000000E+01         0.474753785E-01         0.118688446E-01         0.118688446E-01         0.474753785E-01         0.000000000E+00
       0.318000000E+01         0.473632073E-01         0.118408018E-01         0.118408018E-01         0.473632073E-01         0.000000000E+00
       0.320000000E+01         0.472517917E-01         0.118129479E-01         0.118129479E-01         0.472517917E-01         0.000000000E+00
       0.322000000E+01         0.471411262E-01         0.117852816E-01         0.117852816E-01         0.471411262E-01         0.000000000E+00
       0.324000000E+01         0.470312054E-01         0.117578014E-01         0.117578014E-01         0.470312054E-01         0.000000000E+00
       0.326000000E+01         0.469220240E-01         0.117305060E-01         0.117305060E-01         0.469220240E-01         0.000000000E+00
       0.328000000E+01         0.468135764E-01         0.117033941E-01         0.117033941E-01         0.468135764E-01         0.000000000E+00
       0.330000000E+01         0.467058574E-01         0.116764643E-01         0.116764643E-01         0.467058574E-01         0.000000000E+00
       0.332000000E+01         0.465988614E-01         0.116497153E-01         0.116497153E-01         0.465988614E-01         0.000000000E+00
       0.334000000E+01         0.464925830E-01         0.116231458E-01         0.116231458E-01         0.464925830E-01         0.000000000E+00
       0.336000000E+01         0.463870170E-01         0.115967542E-01         0.115967542E-01         0.463870170E-01         0.000000000E+00
       0.338000000E+01         0.462821578E-01         0.115705394E-01         0.115705394E-01         0.462821578E-01         0.000000000E+00
       0.340000000E+01         0.461780001E-01         0.115445000E-01         0.115445000E-01         0.461780001E-01         0.000000000E+00
       0.342000000E+01         0.460745385E-01         0.115186346E-01         0.115186346E-01         0.460745385E-01         0.000000000E+00
       0.344000000E+01         0.459717677E-01         0.114929419E-01         0.114929419E-01         0.459717677E-01         0.000000000E+00
       0.346000000E+01         0.458696823E-01         0.114674206E-01         0.114674206E-01         0.458696823E-01         0.000000000E+00
       0.348000000E+01         0.457682769E-01         0.114420692E-01         0.114420692E-01         0.457682769E-01         0.000000000E+00
       0.350000000E+01         0.456675464E-01         0.114168866E-01         0.114168866E-01         0.456675464E-01         0.000000000E+00
       0.352000000E+01         0.455674852E-01         0.113918713E-01         0.113918713E-01         0.455674852E-01         0.000000000E+00
       0.354000000E+01         0.454680882E-01         0.113670220E-01         0.113670220E-01         0.454680882E-01         0.000000000E+00
       0.356000000E+01         0.453693500E-01         0.113423375E-01         0.113423375E-01         0.453693500E-01         0.000000000E+00
       0.358000000E+01         0.452712655E-01         0.113178164E-01         0.113178164E-01         0.452712655E-01         0.000000000E+00
       0.360000000E+01         0.451738292E-01         0.112934573E-01         0.112934573E-01         0.451738292E-01         0.000000000E+00
       0.362000000E+01         0.450770361E-01         0.112692590E-01         0.112692590E-01         0.450770361E-01         0.000000000E+00
       0.364000000E+01         0.449808809E-01         0.112452202E-01         0.112452202E-01         0.449808809E-01         0.000000000E+00
       0.366000000E+01         0.448853584E-01         0.112213396E-01         0.112213396E-01         0.448853584E-01         0.000000000E+00
       0.368000000E+01         0.447904634E-01         0.111976158E-01         0.111976158E-01         0.447904634E-01         0.000000000E+00
       0.370000000E+01         0.446961907E-01         0.111740477E-01         0.111740477E-01         0.446961907E-01         0.000000000E+00
       0.372000000E+01         0.446025353E-01         0.111506338E-01         0.111506338E-01         0.446025353E-01         0.000000000E+00
       0.374000000E+01         0.445094919E-01         0.111273730E-01         0.111273730E-01         0.445094919E-01         0.000000000E+00
       0.376000000E+01         0.444170556E-01         0.111042639E-01         0.111042639E-01         0.444170556E-01         0.000000000E+00
       0.378000000E+01         0.443252211E-01         0.110813053E-01         0.110813053E-01         0.443252211E-01         0.000000000E+00
       0.380000000E+01         0.442339835E-01         0.110584959E-01         0.110584959E-01         0.442339835E-01         0.000000000E+00
       0.382000000E+01         0.441433377E-01         0.110358344E-01         0.110358344E-01         0.441433377E-01         0.000000000E+00
       0.384000000E+01         0.440532787E-01         0.110133197E-01         0.110133197E-01         0.440532787E-01         0.000000000E+00
       0.386000000E+01         0.439638015E-01         0.109909504E-01         0.109909504E-01         0.439638015E-01         0.000000000E+00
       0.388000000E+01         0.438749011E-01         0.109687253E-01         0.109687253E-01         0.438749011E-01         0.000000000E+00
       0.390000000E+01         0.437865726E-01         0.109466432E-01         0.109466432E-01         0.437865726E-01         0.000000000E+00
       0.392000000E+01         0.436988111E-01         0.109247028E-01         0.109247028E-01         0.436988111E-01         0.000000000E+00
       0.394000000E+01         0.436116116E-01         0.109029029E-01         0.109029029E-01         0.436116116E-01         0.000000000E+00
       0.396000000E+01         0.435249694E-01         0.108812423E-01         0.108812423E-01         0.435249694E-01         0.000000000E+00
       0.398000000E+01         0.434388795E-01         0.108597199E-01         0.108597199E-01         0.434388795E-01         0.000000000E+00
       0.400000000E+01         0.433533371E-01         0.108383343E-01         0.108383343E-01         0.433533371E-01         0.000000000E+00
       0.402000000E+01         0.432683375E-01         0.108170844E-01         0.108170844E-01         0.432683375E-01         0.000000000E+00
       0.404000000E+01         0.431838759E-01         0.107959690E-01         0.107959690E-01         0.431838759E-01         0.000000000E+00
       0.406000000E+01         0.430999476E-01         0.107749869E-01         0.107749869E-01         0.430999476E-01         0.000000000E+00
       0.408000000E+01         0.430165478E-01         0.107541370E-01         0.107541370E-01         0.430165478E-01         0.000000000E+00
       0.410000000E+01         0.429336720E-01         0.107334180E-01         0.107334180E-01         0.429336720E-01         0.000000000E+00
       0.412000000E+01         0.428513154E-01         0.107128288E-01         0.107128288E-01         0.428513154E-01         0.000000000E+00
       0.414000000E+01         0.427694735E-01         0.106923684E-01         0.106923684E-01         0.427694735E-01         0.000000000E+00
       0.416000000E+01         0.426881417E-01         0.106720354E-01         0.106720354E-01         0.426881417E-01         0.000000000E+00
       0.418000000E+01         0.426073155E-01         0.106518289E-01         0.106518289E-01         0.426073155E-01         0.000000000E+00
       0.420000000E+01         0.425269904E-01         0.106317476E-01         0.106317476E-01         0.425269904E-01         0.000000000E+00
       0.422000000E+01         0.424471620E-01         0.106117905E-01         0.106117905E-01         0.424471620E-01         0.000000000E+00
       0.424000000E+01         0.423678257E-01         0.105919564E-01         0.105919564E-01         0.423678257E-01         0.000000000E+00
       0.426000000E+01         0.422889773E-01         0.105722443E-01         0.105722443E-01         0.422889773E-01         0.000000000E+00
       0.428000000E+01         0.422106123E-01         0.105526531E-01         0.105526531E-01         0.422106123E-01         0.000000000E+00
       0.430000000E+01         0.421327265E-01         0.105331816E-01         0.105331816E-01         0.421327265E-01         0.000000000E+00
       0.432000000E+01         0.420553156E-01         0.105138289E-01         0.105138289E-01         0.420553156E-01         0.000000000E+00
       0.434000000E+01         0.419783754E-01         0.104945939E-01         0.104945939E-01         0.419783754E-01         0.000000000E+00
       0.436000000E+01         0.419019017E-01         0.104754754E-01         0.104754754E-01         0.419019017E-01         0.000000000E+00
       0.438000000E+01         0.418258904E-01         0.104564726E-01         0.104564726E-01         0.418258904E-01         0.000000000E+00
       0.440000000E+01         0.417503372E-01         0.104375843E-01         0.104375843E-01         0.417503372E-01         0.000000000E+00
       0.442000000E+01         0.416752383E-01         0.104188096E-01         0.104188096E-01         0.416752383E-01         0.000000000E+00
       0.444000000E+01         0.416005895E-01         0.104001474E-01         0.104001474E-01         0.416005895E-01         0.000000000E+00
       0.446000000E+01         0.415263869E-01         0.103815967E-01         0.103815967E-01         0.415263869E-01         0.000000000E+00
       0.448000000E+01         0.414526266E-01         0.103631566E-01         0.103631566E-01         0.414526266E-01         0.000000000E+00
       0.450000000E+01         0.413793046E-01         0.103448262E-01         0.103448262E-01         0.413793046E-01         0.000000000E+00
       0.452000000E+01         0.413064172E-01         0.103266043E-01         0.103266043E-01         0.413064172E-01         0.000000000E+00
       0.454000000E+01         0.412339605E-01         0.103084901E-01         0.103084901E-01         0.412339605E-01         0.000000000E+00
       0.456000000E+01         0.411619307E-01         0.102904827E-01         0.102904827E-01         0.411619307E-01         0.000000000E+00
       0.458000000E+01         0.410903243E-01         0.102725811E-01         0.102725811E-01         0.410903243E-01         0.000000000E+00
       0.460000000E+01         0.410191374E-01         0.102547844E-01         0.102547844E-01         0.410191374E-01         0.000000000E+00
       0.462000000E+01         0.409483666E-01         0.102370917E-01         0.102370917E-01         0.409483666E-01         0.000000000E+00
       0.464000000E+01         0.408780082E-01         0.102195020E-01         0.102195020E-01         0.408780082E-01         0.000000000E+00
       0.466000000E+01         0.408080587E-01         0.102020147E-01         0.102020147E-01         0.408080587E-01         0.000000000E+00
       0.468000000E+01         0.407385146E-01         0.101846287E-01         0.101846287E-01         0.407385146E-01         0.000000000E+00
       0.470000000E+01         0.406693726E-01         0.101673432E-01         0.101673432E-01         0.406693726E-01         0.000000000E+00
       0.472000000E+01         0.406006292E-01         0.101501573E-01         0.101501573E-01         0.406006292E-01         0.000000000E+00
       0.474000000E+01         0.405322811E-01         0.101330703E-01         0.101330703E-01         0.405322811E-01         0.000000000E+00
       0.476000000E+01         0.404643250E-01         0.101160812E-01         0.101160812E-01         0.404643250E-01         0.000000000E+00
       0.478000000E+01         0.403967576E-01         0.100991894E-01         0.100991894E-01         0.403967576E-01         0.000000000E+00
       0.480000000E+01         0.403295758E-01         0.100823940E-01         0.100823940E-01         0.403295758E-01         0.000000000E+00
       0.482000000E+01         0.402627765E-01         0.100656941E-01         0.100656941E-01         0.402627765E-01         0.000000000E+00
       0.484000000E+01         0.401963564E-01         0.100490891E-01         0.100490891E-01         0.401963564E-01         0.000000000E+00
       0.486000000E+01         0.401303126E-01         0.100325782E-01         0.100325782E-01         0.401303126E-01         0.000000000E+00
       0.488000000E+01         0.400646421E-01         0.100161605E-01         0.100161605E-01         0.400646421E-01         0.000000000E+00
       0.490000000E+01         0.399993418E-01         0.999983545E-02         0.999983545E-02         0.399993418E-01         0.000000000E+00
       0.492000000E+01         0.399344089E-01         0.998360222E-02         0.998360222E-02         0.399344089E-01         0.000000000E+00
       0.494000000E+01         0.398698404E-01         0.996746011E-02         0.996746011E-02         0.398698404E-01         0.000000000E+00
       0.496000000E+01         0.398056336E-01         0.995140841E-02         0.995140841E-02         0.398056336E-01         0.000000000E+00
       0.498000000E+01         0.397417857E-01         0.993544642E-02         0.993544642E-02         0.397417857E-01         0.000000000E+00
       0.500000000E+01         0.396782938E-01         0.991957345E-02         0.991957345E-02         0.396782938E-01         0.000000000E+00
       0.502000000E+01         0.396151553E-01         0.990378883E-02         0.990378883E-02         0.396151553E-01         0.000000000E+00
       0.504000000E+01         0.395523676E-01         0.988809190E-02         0.988809190E-02         0.395523676E-01         0.000000000E+00
       0.506000000E+01         0.394899280E-01         0.987248199E-02         0.987248199E-02         0.394899280E-01         0.000000000E+00
       0.508000000E+01         0.394278339E-01         0.985695848E-02         0.985695848E-02         0.394278339E-01         0.000000000E+00
       0.510000000E+01         0.393660828E-01         0.984152071E-02         0.984152071E-02         0.393660828E-01         0.000000000E+00
       0.512000000E+01         0.393046723E-01         0.982616808E-02         0.982616808E-02         0.393046723E-01         0.000000000E+00
       0.514000000E+01         0.392435998E-01         0.981089996E-02         0.981089996E-02         0.392435998E-01         0.000000000E+00
       0.516000000E+01         0.391828630E-01         0.979571575E-02         0.979571575E-02         0.391828630E-01         0.000000000E+00
       0.518000000E+01         0.391224594E-01         0.978061486E-02         0.978061486E-02         0.391224594E-01         0.000000000E+00
       0.520000000E+01         0.390623868E-01         0.976559671E-02         0.976559671E-02         0.390623868E-01         0.000000000E+00
       0.522000000E+01         0.390026429E-01         0.975066072E-02         0.975066072E-02         0.390026429E-01         0.000000000E+00
       0.524000000E+01         0.389432253E-01         0.973580634E-02         0.973580634E-02         0.389432253E-01         0.000000000E+00
       0.526000000E+01         0.388841320E-01         0.972103299E-02         0.972103299E-02         0.388841320E-01         0.000000000E+00
       0.528000000E+01         0.388253606E-01         0.970634014E-02         0.970634014E-02         0.388253606E-01         0.000000000E+00
       0.530000000E+01         0.387669090E-01         0.969172726E-02         0.969172726E-02         0.387669090E-01         0.000000000E+00
       0.532000000E+01         0.387087752E-01         0.967719381E-02         0.967719381E-02         0.387087752E-01         0.000000000E+00
       0.534000000E+01         0.386509571E-01         0.966273927E-02         0.966273927E-02         0.386509571E-01         0.000000000E+00
       0.536000000E+01         0.385934525E-01         0.964836314E-02         0.964836314E-02         0.385934525E-01         0.000000000E+00
       0.538000000E+01         0.385362596E-01         0.963406491E-02         0.963406491E-02         0.385362596E-01         0.000000000E+00
       0.540000000E+01         0.384793763E-01         0.961984408E-02         0.961984408E-02         0.384793763E-01         0.000000000E+00
       0.542000000E+01         0.384228007E-01         0.960570018E-02         0.960570018E-02         0.384228007E-01         0.000000000E+00
       0.544000000E+01         0.383665309E-01         0.959163272E-02         0.959163272E-02         0.383665309E-01         0.000000000E+00
       0.546000000E+01         0.383105649E-01         0.957764124E-02         0.957764124E-02         0.383105649E-01         0.000000000E+00
       0.548000000E+01         0.382549011E-01         0.956372526E-02         0.956372526E-02         0.382549011E-01         0.000000000E+00
       0.550000000E+01         0.381995374E-01         0.954988435E-02         0.954988435E-02         0.381995374E-01         0.000000000E+00
       0.552000000E+01         0.381444721E-01         0.953611804E-02         0.953611804E-02         0.381444721E-01         0.000000000E+00
       0.554000000E+01         0.380897036E-01         0.952242589E-02         0.952242589E-02         0.380897036E-01         0.000000000E+00
       0.556000000E+01         0.380352299E-01         0.950880748E-02         0.950880748E-02         0.380352299E-01         0.000000000E+00
       0.558000000E+01         0.379810495E-01         0.949526237E-02         0.949526237E-02         0.379810495E-01         0.000000000E+00
       0.560000000E+01         0.379271606E-01         0.948179015E-02         0.948179015E-02         0.379271606E-01         0.000000000E+00
       0.562000000E+01         0.378735616E-01         0.946839040E-02         0.946839040E-02         0.378735616E-01         0.000000000E+00
       0.564000000E+01         0.378202508E-01         0.945506271E-02         0.945506271E-02         0.378202508E-01         0.000000000E+00
       0.566000000E+01         0.377672267E-01         0.944180668E-02         0.944180668E-02         0.377672267E-01         0.000000000E+00
       0.568000000E+01         0.377144876E-01         0.942862191E-02         0.942862191E-02         0.377144876E-01         0.000000000E+00
       0.570000000E+01         0.376620320E-01         0.941550801E-02         0.941550801E-02         0.376620320E-01         0.000000000E+00
       0.572000000E+01         0.376098584E-01         0.940246460E-02         0.940246460E-02         0.376098584E-01         0.000000000E+00
       0.574000000E+01         0.375579652E-01         0.938949129E-02         0.938949129E-02         0.375579652E-01         0.000000000E+00
       0.576000000E+01         0.375063509E-01         0.937658772E-02         0.937658772E-02         0.375063509E-01         0.000000000E+00
       0.578000000E+01         0.374550140E-01         0.936375351E-02         0.936375351E-02         0.374550140E-01         0.000000000E+00
       0.580000000E+01         0.374039532E-01         0.935098830E-02         0.935098830E-02         0.374039532E-01         0.000000000E+00
       0.582000000E+01         0.373531669E-01         0.933829173E-02         0.933829173E-02         0.373531669E-01         0.000000000E+00
       0.584000000E+01         0.373026537E-01         0.932566344E-02         0.932566344E-02         0.373026537E-01         0.000000000E+00
       0.586000000E+01         0.372524123E-01         0.931310308E-02         0.931310308E-02         0.372524123E-01         0.000000000E+00
       0.588000000E+01         0.372024412E-01         0.930061030E-02         0.930061030E-02         0.372024412E-01         0.000000000E+00
       0.590000000E+01         0.371527391E-01         0.928818477E-02         0.928818477E-02         0.371527391E-01         0.000000000E+00
       0.592000000E+01         0.371033045E-01         0.927582613E-02         0.927582613E-02         0.371033045E-01         0.000000000E+00
       0.594000000E+01         0.370541363E-01         0.926353407E-02         0.926353407E-02         0.370541363E-01         0.000000000E+00
       0.596000000E+01         0.370052329E-01         0.925130824E-02         0.925130824E-02         0.370052329E-01         0.000000000E+00
       0.598000000E+01         0.369565932E-01         0.923914831E-02         0.923914831E-02         0.369565932E-01         0.000000000E+00
       0.600000000E+01         0.369082159E-01         0.922705397E-02         0.922705397E-02         0.369082159E-01         0.000000000E+00
       0.602000000E+01         0.368600995E-01         0.921502488E-02         0.921502488E-02         0.368600995E-01         0.000000000E+00
       0.604000000E+01         0.368122429E-01         0.920306073E-02         0.920306073E-02         0.368122429E-01         0.000000000E+00
       0.606000000E+01         0.367646448E-01         0.919116121E-02         0.919116121E-02         0.367646448E-01         0.000000000E+00
       0.608000000E+01         0.367173040E-01         0.917932599E-02         0.917932599E-02         0.367173040E-01         0.000000000E+00
       0.610000000E+01         0.366702191E-01         0.916755477E-02         0.916755477E-02         0.366702191E-01         0.000000000E+00
       0.612000000E+01         0.366233889E-01         0.915584724E-02         0.915584724E-02         0.366233889E-01         0.000000000E+00
       0.614000000E+01         0.365768123E-01         0.914420308E-02         0.914420308E-02         0.365768123E-01         0.000000000E+00
       0.616000000E+01         0.365304880E-01         0.913262200E-02         0.913262200E-02         0.365304880E-01         0.000000000E+00
       0.618000000E+01         0.364844148E-01         0.912110369E-02         0.912110369E-02         0.364844148E-01         0.000000000E+00
       0.620000000E+01         0.364385914E-01         0.910964785E-02         0.910964785E-02         0.364385914E-01         0.000000000E+00
       0.622000000E+01         0.363930167E-01         0.909825418E-02         0.909825418E-02         0.363930167E-01         0.000000000E+00
       0.624000000E+01         0.363476895E-01         0.908692237E-02         0.908692237E-02         0.363476895E-01         0.000000000E+00
       0.626000000E+01         0.363026086E-01         0.907565215E-02         0.907565215E-02         0.363026086E-01         0.000000000E+00
       0.628000000E+01         0.362577728E-01         0.906444319E-02         0.906444319E-02         0.362577728E-01         0.000000000E+00
       0.630000000E+01         0.362131809E-01         0.905329523E-02         0.905329523E-02         0.362131809E-01         0.000000000E+00
       0.632000000E+01         0.361688318E-01         0.904220795E-02         0.904220795E-02         0.361688318E-01         0.000000000E+00
       0.634000000E+01         0.361247242E-01         0.903118106E-02         0.903118106E-02         0.361247242E-01         0.000000000E+00
       0.636000000E+01         0.360808571E-01         0.902021428E-02         0.902021428E-02         0.360808571E-01         0.000000000E+00
       0.638000000E+01         0.360372292E-01         0.900930731E-02         0.900930731E-02         0.360372292E-01         0.000000000E+00
       0.640000000E+01         0.359938394E-01         0.899845986E-02         0.899845986E-02         0.359938394E-01         0.000000000E+00
       0.642000000E+01         0.359506866E-01         0.898767164E-02         0.898767164E-02         0.359506866E-01         0.000000000E+00
       0.644000000E+01         0.359077694E-01         0.897694236E-02         0.897694236E-02         0.359077694E-01         0.000000000E+00
       0.646000000E+01         0.358650869E-01         0.896627173E-02         0.896627173E-02         0.358650869E-01         0.000000000E+00
       0.648000000E+01         0.358226379E-01         0.895565947E-02         0.895565947E-02         0.358226379E-01         0.000000000E+00
       0.650000000E+01         0.357804211E-01         0.894510527E-02         0.894510527E-02         0.357804211E-01         0.000000000E+00
       0.652000000E+01         0.357384354E-01         0.893460886E-02         0.893460886E-02         0.357384354E-01         0.000000000E+00
       0.654000000E+01         0.356966798E-01         0.892416994E-02         0.892416994E-02         0.356966798E-01         0.000000000E+00
       0.656000000E+01         0.356551529E-01         0.891378823E-02         0.891378823E-02         0.356551529E-01         0.000000000E+00
       0.658000000E+01         0.356138537E-01         0.890346343E-02         0.890346343E-02         0.356138537E-01         0.000000000E+00
       0.660000000E+01         0.355727810E-01         0.889319525E-02         0.889319525E-02         0.355727810E-01         0.000000000E+00
       0.662000000E+01         0.355319337E-01         0.888298342E-02         0.888298342E-02         0.355319337E-01         0.000000000E+00
       0.664000000E+01         0.354913105E-01         0.887282763E-02         0.887282763E-02         0.354913105E-01         0.000000000E+00
       0.666000000E+01         0.354509104E-01         0.886272759E-02         0.886272759E-02         0.354509104E-01         0.000000000E+00
       0.668000000E+01         0.354107321E-01         0.885268302E-02         0.885268302E-02         0.354107321E-01         0.000000000E+00
       0.670000000E+01         0.353707745E-01         0.884269363E-02         0.884269363E-02         0.353707745E-01         0.000000000E+00
       0.672000000E+01         0.353310365E-01         0.883275912E-02         0.883275912E-02         0.353310365E-01         0.000000000E+00
       0.674000000E+01         0.352915168E-01         0.882287920E-02         0.882287920E-02         0.352915168E-01         0.000000000E+00
       0.676000000E+01         0.352522143E-01         0.881305358E-02         0.881305358E-02         0.352522143E-01         0.000000000E+00
       0.678000000E+01         0.352131278E-01         0.880328196E-02         0.880328196E-02         0.352131278E-01         0.000000000E+00
       0.680000000E+01         0.351742562E-01         0.879356406E-02         0.879356406E-02         0.351742562E-01         0.000000000E+00
       0.682000000E+01         0.351355983E-01         0.878389958E-02         0.878389958E-02         0.351355983E-01         0.000000000E+00
       0.684000000E+01         0.350971529E-01         0.877428822E-02         0.877428822E-02         0.350971529E-01         0.000000000E+00
       0.686000000E+01         0.350589188E-01         0.876472970E-02         0.876472970E-02         0.350589188E-01         0.000000000E+00
       0.688000000E+01         0.350208948E-01         0.875522371E-02         0.875522371E-02         0.350208948E-01         0.000000000E+00
       0.690000000E+01         0.349830798E-01         0.874576996E-02         0.874576996E-02         0.349830798E-01         0.000000000E+00
       0.692000000E+01         0.349454726E-01         0.873636816E-02         0.873636816E-02         0.349454726E-01         0.000000000E+00
       0.694000000E+01         0.349080720E-01         0.872701800E-02         0.872701800E-02         0.349080720E-01         0.000000000E+00
       0.696000000E+01         0.348708768E-01         0.871771920E-02         0.871771920E-02         0.348708768E-01         0.000000000E+00
       0.698000000E+01         0.348338858E-01         0.870847145E-02         0.870847145E-02         0.348338858E-01         0.000000000E+00
       0.700000000E+01         0.347970978E-01         0.869927445E-02         0.869927445E-02         0.347970978E-01         0.000000000E+00
       0.702000000E+01         0.347605117E-01         0.869012792E-02         0.869012792E-02         0.347605117E-01         0.000000000E+00
       0.704000000E+01         0.347241262E-01         0.868103154E-02         0.868103154E-02         0.347241262E-01         0.000000000E+00
       0.706000000E+01         0.346879401E-01         0.867198503E-02         0.867198503E-02         0.346879401E-01         0.000000000E+00
       0.708000000E+01         0.346519523E-01         0.866298808E-02         0.866298808E-02         0.346519523E-01         0.000000000E+00
       0.710000000E+01         0.346161616E-01         0.865404040E-02         0.865404040E-02         0.346161616E-01         0.000000000E+00
       0.712000000E+01         0.345805667E-01         0.864514168E-02         0.864514168E-02         0.345805667E-01         0.000000000E+00
       0.714000000E+01         0.345451665E-01         0.863629163E-02         0.863629163E-02         0.345451665E-01         0.000000000E+00
       0.716000000E+01         0.345099598E-01         0.862748994E-02         0.862748994E-02         0.345099598E-01         0.000000000E+00
       0.718000000E+01         0.344749453E-01         0.861873633E-02         0.861873633E-02         0.344749453E-01         0.000000000E+00
       0.720000000E+01         0.344401219E-01         0.861003048E-02         0.861003048E-02         0.344401219E-01         0.000000000E+00
       0.722000000E+01         0.344054884E-01         0.860137210E-02         0.860137210E-02         0.344054884E-01         0.000000000E+00
       0.724000000E+01         0.343710436E-01         0.859276089E-02         0.859276089E-02         0.343710436E-01         0.000000000E+00
       0.726000000E+01         0.343367862E-01         0.858419656E-02         0.858419656E-02         0.343367862E-01         0.000000000E+00
       0.728000000E+01         0.343027152E-01         0.857567880E-02         0.857567880E-02         0.343027152E-01         0.000000000E+00
       0.730000000E+01         0.342688293E-01         0.856720732E-02         0.856720732E-02         0.342688293E-01         0.000000000E+00
       0.732000000E+01         0.342351273E-01         0.855878181E-02         0.855878181E-02         0.342351273E-01         0.000000000E+00
       0.734000000E+01         0.342016080E-01         0.855040199E-02         0.855040199E-02         0.342016080E-01         0.000000000E+00
       0.736000000E+01         0.341682702E-01         0.854206755E-02         0.854206755E-02         0.341682702E-01         0.000000000E+00
       0.738000000E+01         0.341351128E-01         0.853377820E-02         0.853377820E-02         0.341351128E-01         0.000000000E+00
       0.740000000E+01         0.341021345E-01         0.852553364E-02         0.852553364E-02         0.341021345E-01         0.000000000E+00
       0.742000000E+01         0.340693343E-01         0.851733357E-02         0.851733357E-02         0.340693343E-01         0.000000000E+00
       0.744000000E+01         0.340367109E-01         0.850917771E-02         0.850917771E-02         0.340367109E-01         0.000000000E+00
       0.746000000E+01         0.340042630E-01         0.850106576E-02         0.850106576E-02         0.340042630E-01         0.000000000E+00
       0.748000000E+01         0.339719897E-01         0.849299742E-02         0.849299742E-02         0.339719897E-01         0.000000000E+00
       0.750000000E+01         0.339398896E-01         0.848497241E-02         0.848497241E-02         0.339398896E-01         0.000000000E+00
       0.752000000E+01         0.339079617E-01         0.847699043E-02         0.847699043E-02         0.339079617E-01         0.000000000E+00
       0.754000000E+01         0.338762048E-01         0.846905119E-02         0.846905119E-02         0.338762048E-01         0.000000000E+00
       0.756000000E+01         0.338446176E-01         0.846115440E-02         0.846115440E-02         0.338446176E-01         0.000000000E+00
       0.758000000E+01         0.338131991E-01         0.845329978E-02         0.845329978E-02         0.338131991E-01         0.000000000E+00
       0.760000000E+01         0.337819482E-01         0.844548704E-02         0.844548704E-02         0.337819482E-01         0.000000000E+00
       0.762000000E+01         0.337508636E-01         0.843771589E-02         0.843771589E-02         0.337508636E-01         0.000000000E+00
       0.764000000E+01         0.337199442E-01         0.842998605E-02         0.842998605E-02         0.337199442E-01         0.000000000E+00
       0.766000000E+01         0.336891889E-01         0.842229723E-02         0.842229723E-02         0.336891889E-01         0.000000000E+00
       0.768000000E+01         0.336585966E-01         0.841464916E-02         0.841464916E-02         0.336585966E-01         0.000000000E+00
       0.770000000E+01         0.336281662E-01         0.840704154E-02         0.840704154E-02         0.336281662E-01         0.000000000E+00
       0.772000000E+01         0.335978965E-01         0.839947411E-02         0.839947411E-02         0.335978965E-01         0.000000000E+00
       0.774000000E+01         0.335677864E-01         0.839194659E-02         0.839194659E-02         0.335677864E-01         0.000000000E+00
       0.776000000E+01         0.335378348E-01         0.838445870E-02         0.838445870E-02         0.335378348E-01         0.000000000E+00
       0.778000000E+01         0.335080406E-01         0.837701016E-02         0.837701016E-02         0.335080406E-01         0.000000000E+00
       0.780000000E+01         0.334784028E-01         0.836960070E-02         0.836960070E-02         0.334784028E-01         0.000000000E+00
       0.782000000E+01         0.334489202E-01         0.836223005E-02         0.836223005E-02         0.334489202E-01         0.000000000E+00
       0.784000000E+01         0.334195918E-01         0.835489795E-02         0.835489795E-02         0.334195918E-01         0.000000000E+00
       0.786000000E+01         0.333904165E-01         0.834760412E-02         0.834760412E-02         0.333904165E-01         0.000000000E+00
       0.788000000E+01         0.333613932E-01         0.834034830E-02         0.834034830E-02         0.333613932E-01         0.000000000E+00
       0.790000000E+01         0.333325209E-01         0.833313022E-02         0.833313022E-02         0.333325209E-01         0.000000000E+00
       0.792000000E+01         0.333037985E-01         0.832594963E-02         0.832594963E-02         0.333037985E-01         0.000000000E+00
       0.794000000E+01         0.332752250E-01         0.831880625E-02         0.831880625E-02         0.332752250E-01         0.000000000E+00
       0.796000000E+01         0.332467994E-01         0.831169984E-02         0.831169984E-02         0.332467994E-01         0.000000000E+00
       0.798000000E+01         0.332185205E-01         0.830463014E-02         0.830463014E-02         0.332185205E-01         0.000000000E+00
       0.800000000E+01         0.331903875E-01         0.829759688E-02         0.829759688E-02         0.331903875E-01         0.000000000E+00
       0.802000000E+01         0.331623993E-01         0.829059983E-02         0.829059983E-02         0.331623993E-01         0.000000000E+00
       0.804000000E+01         0.331345549E-01         0.828363872E-02         0.828363872E-02         0.331345549E-01         0.000000000E+00
       0.806000000E+01         0.331068533E-01         0.827671332E-02         0.827671332E-02         0.331068533E-01         0.000000000E+00
       0.808000000E+01         0.330792935E-01         0.826982336E-02         0.826982336E-02         0.330792935E-01         0.000000000E+00
       0.810000000E+01         0.330518745E-01         0.826296862E-02         0.826296862E-02         0.330518745E-01         0.000000000E+00
       0.812000000E+01         0.330245954E-01         0.825614884E-02         0.825614884E-02         0.330245954E-01         0.000000000E+00
       0.814000000E+01         0.329974552E-01         0.824936379E-02         0.824936379E-02         0.329974552E-01         0.000000000E+00
       0.816000000E+01         0.329704529E-01         0.824261322E-02         0.824261322E-02         0.329704529E-01         0.000000000E+00
       0.818000000E+01         0.329435877E-01         0.823589691E-02         0.823589691E-02         0.329435877E-01         0.000000000E+00
       0.820000000E+01         0.329168585E-01         0.822921462E-02         0.822921462E-02         0.329168585E-01         0.000000000E+00
       0.822000000E+01         0.328902644E-01         0.822256611E-02         0.822256611E-02         0.328902644E-01         0.000000000E+00
       0.824000000E+01         0.328638046E-01         0.821595116E-02         0.821595116E-02         0.328638046E-01         0.000000000E+00
       0.826000000E+01         0.328374782E-01         0.820936954E-02         0.820936954E-02         0.328374782E-01         0.000000000E+00
       0.828000000E+01         0.328112841E-01         0.820282102E-02         0.820282102E-02         0.328112841E-01         0.000000000E+00
       0.830000000E+01         0.327852215E-01         0.819630538E-02         0.819630538E-02         0.327852215E-01         0.000000000E+00
       0.832000000E+01         0.327592896E-01         0.818982241E-02         0.818982241E-02         0.327592896E-01         0.000000000E+00
       0.834000000E+01         0.327334875E-01         0.818337187E-02         0.818337187E-02         0.327334875E-01         0.000000000E+00
       0.836000000E+01         0.327078142E-01         0.817695356E-02         0.817695356E-02         0.327078142E-01         0.000000000E+00
       0.838000000E+01         0.326822690E-01         0.817056726E-02         0.817056726E-02         0.326822690E-01         0.000000000E+00
       0.840000000E+01         0.326568510E-01         0.816421276E-02         0.816421276E-02         0.326568510E-01         0.000000000E+00
       0.842000000E+01         0.326315594E-01         0.815788985E-02         0.815788985E-02         0.326315594E-01         0.000000000E+00
       0.844000000E+01         0.326063933E-01         0.815159831E-02         0.815159831E-02         0.326063933E-01         0.000000000E+00
       0.846000000E+01         0.325813518E-01         0.814533796E-02         0.814533796E-02         0.325813518E-01         0.000000000E+00
       0.848000000E+01         0.325564343E-01         0.813910857E-02         0.813910857E-02         0.325564343E-01         0.000000000E+00
       0.850000000E+01         0.325316398E-01         0.813290995E-02         0.813290995E-02         0.325316398E-01         0.000000000E+00
       0.852000000E+01         0.325069676E-01         0.812674191E-02         0.812674191E-02         0.325069676E-01         0.000000000E+00
       0.854000000E+01         0.324824170E-01         0.812060424E-02         0.812060424E-02         0.324824170E-01         0.000000000E+00
       0.856000000E+01         0.324579870E-01         0.811449675E-02         0.811449675E-02         0.324579870E-01         0.000000000E+00
       0.858000000E+01         0.324336770E-01         0.810841924E-02         0.810841924E-02         0.324336770E-01         0.000000000E+00
       0.860000000E+01         0.324094861E-01         0.810237153E-02         0.810237153E-02         0.324094861E-01         0.000000000E+00
       0.862000000E+01         0.323854137E-01         0.809635343E-02         0.809635343E-02         0.323854137E-01         0.000000000E+00
       0.864000000E+01         0.323614590E-01         0.809036475E-02         0.809036475E-02         0.323614590E-01         0.000000000E+00
       0.866000000E+01         0.323376212E-01         0.808440530E-02         0.808440530E-02         0.323376212E-01         0.000000000E+00
       0.868000000E+01         0.323138996E-01         0.807847491E-02         0.807847491E-02         0.323138996E-01         0.000000000E+00
       0.870000000E+01         0.322902936E-01         0.807257339E-02         0.807257339E-02         0.322902936E-01         0.000000000E+00
       0.872000000E+01         0.322668023E-01         0.806670057E-02         0.806670057E-02         0.322668023E-01         0.000000000E+00
       0.874000000E+01         0.322434250E-01         0.806085626E-02         0.806085626E-02         0.322434250E-01         0.000000000E+00
       0.876000000E+01         0.322201612E-01         0.805504030E-02         0.805504030E-02         0.322201612E-01         0.000000000E+00
       0.878000000E+01         0.321970100E-01         0.804925251E-02         0.804925251E-02         0.321970100E-01         0.000000000E+00
       0.880000000E+01         0.321739709E-01         0.804349273E-02         0.804349273E-02         0.321739709E-01         0.000000000E+00
       0.882000000E+01         0.321510431E-01         0.803776077E-02         0.803776077E-02         0.321510431E-01         0.000000000E+00
       0.884000000E+01         0.321282259E-01         0.803205649E-02         0.803205649E-02         0.321282259E-01         0.000000000E+00
       0.886000000E+01         0.321055188E-01         0.802637970E-02         0.802637970E-02         0.321055188E-01         0.000000000E+00
       0.888000000E+01         0.320829210E-01         0.802073025E-02         0.802073025E-02         0.320829210E-01         0.000000000E+00
       0.890000000E+01         0.320604319E-01         0.801510799E-02         0.801510799E-02         0.320604319E-01         0.000000000E+00
       0.892000000E+01         0.320380509E-01         0.800951274E-02         0.800951274E-02         0.320380509E-01         0.000000000E+00
       0.894000000E+01         0.320157774E-01         0.800394435E-02         0.800394435E-02         0.320157774E-01         0.000000000E+00
       0.896000000E+01         0.319936107E-01         0.799840267E-02         0.799840267E-02         0.319936107E-01         0.000000000E+00
       0.898000000E+01         0.319715502E-01         0.799288754E-02         0.799288754E-02         0.319715502E-01         0.000000000E+00
       0.900000000E+01         0.319495952E-01         0.798739881E-02         0.798739881E-02         0.319495952E-01         0.000000000E+00
       0.902000000E+01         0.319277453E-01         0.798193633E-02         0.798193633E-02         0.319277453E-01         0.000000000E+00
       0.904000000E+01         0.319059998E-01         0.797649995E-02         0.797649995E-02         0.319059998E-01         0.000000000E+00
       0.906000000E+01         0.318843581E-01         0.797108952E-02         0.797108952E-02         0.318843581E-01         0.000000000E+00
       0.908000000E+01         0.318628196E-01         0.796570491E-02         0.796570491E-02         0.318628196E-01         0.000000000E+00
       0.910000000E+01         0.318413838E-01         0.796034595E-02         0.796034595E-02         0.318413838E-01         0.000000000E+00
       0.912000000E+01         0.318200501E-01         0.795501252E-02         0.795501252E-02         0.318200501E-01         0.000000000E+00
       0.914000000E+01         0.317988179E-01         0.794970448E-02         0.794970448E-02         0.317988179E-01         0.000000000E+00
       0.916000000E+01         0.317776867E-01         0.794442167E-02         0.794442167E-02         0.317776867E-01         0.000000000E+00
       0.918000000E+01         0.317566559E-01         0.793916397E-02         0.793916397E-02         0.317566559E-01         0.000000000E+00
       0.920000000E+01         0.317357249E-01         0.793393124E-02         0.793393124E-02         0.317357249E-01         0.000000000E+00
       0.922000000E+01         0.317148933E-01         0.792872334E-02         0.792872334E-02         0.317148933E-01         0.000000000E+00
       0.924000000E+01         0.316941606E-01         0.792354014E-02         0.792354014E-02         0.316941606E-01         0.000000000E+00
       0.926000000E+01         0.316735260E-01         0.791838151E-02         0.791838151E-02         0.316735260E-01         0.000000000E+00
       0.928000000E+01         0.316529893E-01         0.791324732E-02         0.791324732E-02         0.316529893E-01         0.000000000E+00
       0.930000000E+01         0.316325498E-01         0.790813744E-02         0.790813744E-02         0.316325498E-01         0.000000000E+00
       0.932000000E+01         0.316122070E-01         0.790305174E-02         0.790305174E-02         0.316122070E-01         0.000000000E+00
       0.934000000E+01         0.315919604E-01         0.789799010E-02         0.789799010E-02         0.315919604E-01         0.000000000E+00
       0.936000000E+01         0.315718095E-01         0.789295238E-02         0.789295238E-02         0.315718095E-01         0.000000000E+00
       0.938000000E+01         0.315517539E-01         0.788793848E-02         0.788793848E-02         0.315517539E-01         0.000000000E+00
       0.940000000E+01         0.315317930E-01         0.788294825E-02         0.788294825E-02         0.315317930E-01         0.000000000E+00
       0.942000000E+01         0.315119264E-01         0.787798159E-02         0.787798159E-02         0.315119264E-01         0.000000000E+00
       0.944000000E+01         0.314921535E-01         0.787303837E-02         0.787303837E-02         0.314921535E-01         0.000000000E+00
       0.946000000E+01         0.314724739E-01         0.786811847E-02         0.786811847E-02         0.314724739E-01         0.000000000E+00
       0.948000000E+01         0.314528871E-01         0.786322178E-02         0.786322178E-02         0.314528871E-01         0.000000000E+00
       0.950000000E+01         0.314333927E-01         0.785834817E-02         0.785834817E-02         0.314333927E-01         0.000000000E+00
       0.952000000E+01         0.314139901E-01         0.785349753E-02         0.785349753E-02         0.314139901E-01         0.000000000E+00
       0.954000000E+01         0.313946790E-01         0.784866976E-02         0.784866976E-02         0.313946790E-01         0.000000000E+00
       0.956000000E+01         0.313754589E-01         0.784386472E-02         0.784386472E-02         0.313754589E-01         0.000000000E+00
       0.958000000E+01         0.313563293E-01         0.783908232E-02         0.783908232E-02         0.313563293E-01         0.000000000E+00
       0.960000000E+01         0.313372897E-01         0.783432243E-02         0.783432243E-02         0.313372897E-01         0.000000000E+00
       0.962000000E+01         0.313183398E-01         0.782958496E-02         0.782958496E-02         0.313183398E-01         0.000000000E+00
       0.964000000E+01         0.312994791E-01         0.782486978E-02         0.782486978E-02         0.312994791E-01         0.000000000E+00
       0.966000000E+01         0.312807072E-01         0.782017679E-02         0.782017679E-02         0.312807072E-01         0.000000000E+00
       0.968000000E+01         0.312620235E-01         0.781550589E-02         0.781550589E-02         0.312620235E-01         0.000000000E+00
       0.970000000E+01         0.312434278E-01         0.781085696E-02         0.781085696E-02         0.312434278E-01         0.000000000E+00
       0.972000000E+01         0.312249196E-01         0.780622989E-02         0.780622989E-02         0.312249196E-01         0.000000000E+00
       0.974000000E+01         0.312064984E-01         0.780162459E-02         0.780162459E-02         0.312064984E-01         0.000000000E+00
       0.976000000E+01         0.311881638E-01         0.779704095E-02         0.779704095E-02         0.311881638E-01         0.000000000E+00
       0.978000000E+01         0.311699155E-01         0.779247887E-02         0.779247887E-02         0.311699155E-01         0.000000000E+00
       0.980000000E+01         0.311517529E-01         0.778793823E-02         0.778793823E-02         0.311517529E-01         0.000000000E+00
       0.982000000E+01         0.311336758E-01         0.778341895E-02         0.778341895E-02         0.311336758E-01         0.000000000E+00
       0.984000000E+01         0.311156837E-01         0.777892092E-02         0.777892092E-02         0.311156837E-01         0.000000000E+00
       0.986000000E+01         0.310977761E-01         0.777444403E-02         0.777444403E-02         0.310977761E-01         0.000000000E+00
       0.988000000E+01         0.310799528E-01         0.776998820E-02         0.776998820E-02         0.310799528E-01         0.000000000E+00
       0.990000000E+01         0.310622132E-01         0.776555331E-02         0.776555331E-02         0.310622132E-01         0.000000000E+00
       0.992000000E+01         0.310445571E-01         0.776113927E-02         0.776113927E-02         0.310445571E-01         0.000000000E+00
       0.994000000E+01         0.310269839E-01         0.775674598E-02         0.775674598E-02         0.310269839E-01         0.000000000E+00
       0.996000000E+01         0.310094934E-01         0.775237335E-02         0.775237335E-02         0.310094934E-01         0.000000000E+00
       0.998000000E+01         0.309920851E-01         0.774802128E-02         0.774802128E-02         0.309920851E-01         0.000000000E+00
       0.100000000E+02         0.309747587E-01         0.774368967E-02         0.774368967E-02         0.309747587E-01         0.000000000E+00
