#energy per mode
# t  ec mode
       0.200000000E-02         0.214115086E-37         0.535287716E-38         0.535287716E-38         0.214115086E-37         0.000000000E+00
       0.200000000E-01         0.232882250E-36         0.582205626E-37         0.582205626E-37         0.232882250E-36         0.000000000E+00
       0.400000000E-01         0.118818712E-35         0.297046780E-36         0.297046780E-36         0.118818712E-35         0.000000000E+00
       0.600000000E-01         0.253372230E-35         0.633430575E-36         0.633430575E-36         0.253372230E-35         0.000000000E+00
       0.800000000E-01         0.427854983E-35         0.106963746E-35         0.106963746E-35         0.427854983E-35         0.000000000E+00
       0.100000000E+00         0.639305616E-35         0.159826404E-35         0.159826404E-35         0.639305616E-35         0.000000000E+00
       0.120000000E+00         0.101393833E-34         0.253484582E-35         0.253484582E-35         0.101393833E-34         0.000000000E+00
       0.140000000E+00         0.145957101E-34         0.364892752E-35         0.364892752E-35         0.145957101E-34         0.000000000E+00
       0.160000000E+00         0.161859346E-34         0.404648366E-35         0.404648366E-35         0.161859346E-34         0.000000000E+00
       0.180000000E+00         0.155462304E-34         0.388655761E-35         0.388655761E-35         0.155462304E-34         0.000000000E+00
       0.200000000E+00         0.149914992E-34         0.374787479E-35         0.374787479E-35         0.149914992E-34         0.000000000E+00
       0.220000000E+00         0.165573216E-34         0.413933040E-35         0.413933040E-35         0.165573216E-34         0.000000000E+00
       0.240000000E+00         0.189155627E-34         0.472889067E-35         0.472889067E-35         0.189155627E-34         0.000000000E+00
       0.260000000E+00         0.214354183E-34         0.535885457E-35         0.535885457E-35         0.214354183E-34         0.000000000E+00
       0.280000000E+00         0.239547831E-34         0.598869579E-35         0.598869579E-35         0.239547831E-34         0.000000000E+00
       0.300000000E+00         0.264220548E-34         0.660551370E-35         0.660551370E-35         0.264220548E-34         0.000000000E+00
       0.320000000E+00         0.297200881E-34         0.743002203E-35         0.743002203E-35         0.297200881E-34         0.000000000E+00
       0.340000000E+00         0.325084697E-34         0.812711742E-35         0.812711742E-35         0.325084697E-34         0.000000000E+00
       0.360000000E+00         0.346779413E-34         0.866948532E-35         0.866948532E-35         0.346779413E-34         0.000000000E+00
       0.380000000E+00         0.357513381E-34         0.893783452E-35         0.893783452E-35         0.357513381E-34         0.000000000E+00
       0.400000000E+00         0.371576581E-34         0.928941452E-35         0.928941452E-35         0.371576581E-34         0.000000000E+00
       0.420000000E+00         0.379781970E-34         0.949454926E-35         0.949454926E-35         0.379781970E-34         0.000000000E+00
       0.440000000E+00         0.395964301E-34         0.989910754E-35         0.989910754E-35         0.395964301E-34         0.000000000E+00
       0.460000000E+00         0.413403051E-34         0.103350763E-34         0.103350763E-34         0.413403051E-34         0.000000000E+00
       0.480000000E+00         0.433397970E-34         0.108349492E-34         0.108349492E-34         0.433397970E-34         0.000000000E+00
       0.500000000E+00         0.450369083E-34         0.112592271E-34         0.112592271E-34         0.450369083E-34         0.000000000E+00
       0.520000000E+00         0.455570414E-34         0.113892603E-34         0.113892603E-34         0.455570414E-34         0.000000000E+00
       0.540000000E+00         0.451397745E-34         0.112849436E-34         0.112849436E-34         0.451397745E-34         0.000000000E+00
       0.560000000E+00         0.440105755E-34         0.110026439E-34         0.110026439E-34         0.440105755E-34         0.000000000E+00
       0.580000000E+00         0.425926189E-34         0.106481547E-34         0.106481547E-34         0.425926189E-34         0.000000000E+00
       0.600000000E+00         0.405378961E-34         0.101344740E-34         0.101344740E-34         0.405378961E-34         0.000000000E+00
       0.620000000E+00         0.385853508E-34         0.964633770E-35         0.964633770E-35         0.385853508E-34         0.000000000E+00
       0.640000000E+00         0.369645985E-34         0.924114963E-35         0.924114963E-35         0.369645985E-34         0.000000000E+00
       0.660000000E+00         0.355340115E-34         0.888350286E-35         0.888350286E-35         0.355340115E-34         0.000000000E+00
       0.680000000E+00         0.347412247E-34         0.868530616E-35         0.868530616E-35         0.347412247E-34         0.000000000E+00
       0.700000000E+00         0.339032543E-34         0.847581358E-35         0.847581358E-35         0.339032543E-34         0.000000000E+00
       0.720000000E+00         0.342784181E-34         0.856960453E-35         0.856960453E-35         0.342784181E-34         0.000000000E+00
       0.740000000E+00         0.353475285E-34         0.883688212E-35         0.883688212E-35         0.353475285E-34         0.000000000E+00
       0.760000000E+00         0.374128044E-34         0.935320111E-35         0.935320111E-35         0.374128044E-34         0.000000000E+00
       0.780000000E+00         0.403634559E-34         0.100908640E-34         0.100908640E-34         0.403634559E-34         0.000000000E+00
       0.800000000E+00         0.438868212E-34         0.109717053E-34         0.109717053E-34         0.438868212E-34         0.000000000E+00
       0.820000000E+00         0.465986249E-34         0.116496562E-34         0.116496562E-34         0.465986249E-34         0.000000000E+00
       0.840000000E+00         0.485776194E-34         0.121444049E-34         0.121444049E-34         0.485776194E-34         0.000000000E+00
       0.860000000E+00         0.500148448E-34         0.125037112E-34         0.125037112E-34         0.500148448E-34         0.000000000E+00
       0.880000000E+00         0.517495110E-34         0.129373778E-34         0.129373778E-34         0.517495110E-34         0.000000000E+00
       0.900000000E+00         0.537132989E-34         0.134283247E-34         0.134283247E-34         0.537132989E-34         0.000000000E+00
       0.920000000E+00         0.559220136E-34         0.139805034E-34         0.139805034E-34         0.559220136E-34         0.000000000E+00
       0.940000000E+00         0.573701244E-34         0.143425311E-34         0.143425311E-34         0.573701244E-34         0.000000000E+00
       0.960000000E+00         0.578340431E-34         0.144585108E-34         0.144585108E-34         0.578340431E-34         0.000000000E+00
       0.980000000E+00         0.580495296E-34         0.145123824E-34         0.145123824E-34         0.580495296E-34         0.000000000E+00
       0.100000000E+01         0.579800680E-34         0.144950170E-34         0.144950170E-34         0.579800680E-34         0.000000000E+00
       0.102000000E+01         0.579407535E-34         0.144851884E-34         0.144851884E-34         0.579407535E-34         0.000000000E+00
       0.104000000E+01         0.577248896E-34         0.144312224E-34         0.144312224E-34         0.577248896E-34         0.000000000E+00
       0.106000000E+01         0.568866717E-34         0.142216679E-34         0.142216679E-34         0.568866717E-34         0.000000000E+00
       0.108000000E+01         0.554609644E-34         0.138652411E-34         0.138652411E-34         0.554609644E-34         0.000000000E+00
       0.110000000E+01         0.543810405E-34         0.135952601E-34         0.135952601E-34         0.543810405E-34         0.000000000E+00
       0.112000000E+01         0.535117393E-34         0.133779348E-34         0.133779348E-34         0.535117393E-34         0.000000000E+00
       0.114000000E+01         0.526472537E-34         0.131618134E-34         0.131618134E-34         0.526472537E-34         0.000000000E+00
       0.116000000E+01         0.510558870E-34         0.127639718E-34         0.127639718E-34         0.510558870E-34         0.000000000E+00
       0.118000000E+01         0.494095094E-34         0.123523773E-34         0.123523773E-34         0.494095094E-34         0.000000000E+00
       0.120000000E+01         0.482770616E-34         0.120692654E-34         0.120692654E-34         0.482770616E-34         0.000000000E+00
       0.122000000E+01         0.476127751E-34         0.119031938E-34         0.119031938E-34         0.476127751E-34         0.000000000E+00
       0.124000000E+01         0.471266970E-34         0.117816742E-34         0.117816742E-34         0.471266970E-34         0.000000000E+00
       0.126000000E+01         0.471511748E-34         0.117877937E-34         0.117877937E-34         0.471511748E-34         0.000000000E+00
       0.128000000E+01         0.476895599E-34         0.119223900E-34         0.119223900E-34         0.476895599E-34         0.000000000E+00
       0.130000000E+01         0.484116757E-34         0.121029189E-34         0.121029189E-34         0.484116757E-34         0.000000000E+00
       0.132000000E+01         0.492120017E-34         0.123030004E-34         0.123030004E-34         0.492120017E-34         0.000000000E+00
       0.134000000E+01         0.512970409E-34         0.128242602E-34         0.128242602E-34         0.512970409E-34         0.000000000E+00
       0.136000000E+01         0.540312050E-34         0.135078013E-34         0.135078013E-34         0.540312050E-34         0.000000000E+00
       0.138000000E+01         0.563719590E-34         0.140929897E-34         0.140929897E-34         0.563719590E-34         0.000000000E+00
       0.140000000E+01         0.581667261E-34         0.145416815E-34         0.145416815E-34         0.581667261E-34         0.000000000E+00
       0.142000000E+01         0.589431523E-34         0.147357881E-34         0.147357881E-34         0.589431523E-34         0.000000000E+00
       0.144000000E+01         0.593483668E-34         0.148370917E-34         0.148370917E-34         0.593483668E-34         0.000000000E+00
       0.146000000E+01         0.592143041E-34         0.148035760E-34         0.148035760E-34         0.592143041E-34         0.000000000E+00
       0.148000000E+01         0.589149412E-34         0.147287353E-34         0.147287353E-34         0.589149412E-34         0.000000000E+00
       0.150000000E+01         0.578274510E-34         0.144568628E-34         0.144568628E-34         0.578274510E-34         0.000000000E+00
       0.152000000E+01         0.562584473E-34         0.140646118E-34         0.140646118E-34         0.562584473E-34         0.000000000E+00
       0.154000000E+01         0.540173216E-34         0.135043304E-34         0.135043304E-34         0.540173216E-34         0.000000000E+00
       0.156000000E+01         0.516095047E-34         0.129023762E-34         0.129023762E-34         0.516095047E-34         0.000000000E+00
       0.158000000E+01         0.496722222E-34         0.124180556E-34         0.124180556E-34         0.496722222E-34         0.000000000E+00
       0.160000000E+01         0.474027207E-34         0.118506802E-34         0.118506802E-34         0.474027207E-34         0.000000000E+00
       0.162000000E+01         0.454514112E-34         0.113628528E-34         0.113628528E-34         0.454514112E-34         0.000000000E+00
       0.164000000E+01         0.437890742E-34         0.109472685E-34         0.109472685E-34         0.437890742E-34         0.000000000E+00
       0.166000000E+01         0.426065406E-34         0.106516352E-34         0.106516352E-34         0.426065406E-34         0.000000000E+00
       0.168000000E+01         0.417251806E-34         0.104312951E-34         0.104312951E-34         0.417251806E-34         0.000000000E+00
       0.170000000E+01         0.419470571E-34         0.104867643E-34         0.104867643E-34         0.419470571E-34         0.000000000E+00
       0.172000000E+01         0.430966594E-34         0.107741649E-34         0.107741649E-34         0.430966594E-34         0.000000000E+00
       0.174000000E+01         0.438171030E-34         0.109542757E-34         0.109542757E-34         0.438171030E-34         0.000000000E+00
       0.176000000E+01         0.444536253E-34         0.111134063E-34         0.111134063E-34         0.444536253E-34         0.000000000E+00
       0.178000000E+01         0.449226105E-34         0.112306526E-34         0.112306526E-34         0.449226105E-34         0.000000000E+00
       0.180000000E+01         0.456194367E-34         0.114048592E-34         0.114048592E-34         0.456194367E-34         0.000000000E+00
       0.182000000E+01         0.465254949E-34         0.116313737E-34         0.116313737E-34         0.465254949E-34         0.000000000E+00
       0.184000000E+01         0.476294757E-34         0.119073689E-34         0.119073689E-34         0.476294757E-34         0.000000000E+00
       0.186000000E+01         0.481030183E-34         0.120257546E-34         0.120257546E-34         0.481030183E-34         0.000000000E+00
       0.188000000E+01         0.483360430E-34         0.120840107E-34         0.120840107E-34         0.483360430E-34         0.000000000E+00
       0.190000000E+01         0.486697414E-34         0.121674354E-34         0.121674354E-34         0.486697414E-34         0.000000000E+00
       0.192000000E+01         0.489461970E-34         0.122365493E-34         0.122365493E-34         0.489461970E-34         0.000000000E+00
       0.194000000E+01         0.491319086E-34         0.122829772E-34         0.122829772E-34         0.491319086E-34         0.000000000E+00
       0.196000000E+01         0.491841704E-34         0.122960426E-34         0.122960426E-34         0.491841704E-34         0.000000000E+00
       0.198000000E+01         0.492541278E-34         0.123135320E-34         0.123135320E-34         0.492541278E-34         0.000000000E+00
       0.200000000E+01         0.495918172E-34         0.123979543E-34         0.123979543E-34         0.495918172E-34         0.000000000E+00
       0.202000000E+01         0.498749046E-34         0.124687262E-34         0.124687262E-34         0.498749046E-34         0.000000000E+00
       0.204000000E+01         0.488577673E-34         0.122144418E-34         0.122144418E-34         0.488577673E-34         0.000000000E+00
       0.206000000E+01         0.480026776E-34         0.120006694E-34         0.120006694E-34         0.480026776E-34         0.000000000E+00
       0.208000000E+01         0.465068718E-34         0.116267180E-34         0.116267180E-34         0.465068718E-34         0.000000000E+00
       0.210000000E+01         0.445820600E-34         0.111455150E-34         0.111455150E-34         0.445820600E-34         0.000000000E+00
       0.212000000E+01         0.432273209E-34         0.108068302E-34         0.108068302E-34         0.432273209E-34         0.000000000E+00
       0.214000000E+01         0.421001301E-34         0.105250325E-34         0.105250325E-34         0.421001301E-34         0.000000000E+00
       0.216000000E+01         0.413621733E-34         0.103405433E-34         0.103405433E-34         0.413621733E-34         0.000000000E+00
       0.218000000E+01         0.406203829E-34         0.101550957E-34         0.101550957E-34         0.406203829E-34         0.000000000E+00
       0.220000000E+01         0.398288648E-34         0.995721620E-35         0.995721620E-35         0.398288648E-34         0.000000000E+00
       0.222000000E+01         0.391874763E-34         0.979686907E-35         0.979686907E-35         0.391874763E-34         0.000000000E+00
       0.224000000E+01         0.388133070E-34         0.970332675E-35         0.970332675E-35         0.388133070E-34         0.000000000E+00
       0.226000000E+01         0.390241639E-34         0.975604099E-35         0.975604099E-35         0.390241639E-34         0.000000000E+00
       0.228000000E+01         0.395848549E-34         0.989621373E-35         0.989621373E-35         0.395848549E-34         0.000000000E+00
       0.230000000E+01         0.397493894E-34         0.993734736E-35         0.993734736E-35         0.397493894E-34         0.000000000E+00
       0.232000000E+01         0.402315641E-34         0.100578910E-34         0.100578910E-34         0.402315641E-34         0.000000000E+00
       0.234000000E+01         0.415820675E-34         0.103955169E-34         0.103955169E-34         0.415820675E-34         0.000000000E+00
       0.236000000E+01         0.432426036E-34         0.108106509E-34         0.108106509E-34         0.432426036E-34         0.000000000E+00
       0.238000000E+01         0.460298724E-34         0.115074681E-34         0.115074681E-34         0.460298724E-34         0.000000000E+00
       0.240000000E+01         0.490494683E-34         0.122623671E-34         0.122623671E-34         0.490494683E-34         0.000000000E+00
       0.242000000E+01         0.525519987E-34         0.131379997E-34         0.131379997E-34         0.525519987E-34         0.000000000E+00
       0.244000000E+01         0.554543956E-34         0.138635989E-34         0.138635989E-34         0.554543956E-34         0.000000000E+00
       0.246000000E+01         0.567800207E-34         0.141950052E-34         0.141950052E-34         0.567800207E-34         0.000000000E+00
       0.248000000E+01         0.575377314E-34         0.143844329E-34         0.143844329E-34         0.575377314E-34         0.000000000E+00
       0.250000000E+01         0.582059594E-34         0.145514898E-34         0.145514898E-34         0.582059594E-34         0.000000000E+00
       0.252000000E+01         0.584090871E-34         0.146022718E-34         0.146022718E-34         0.584090871E-34         0.000000000E+00
       0.254000000E+01         0.579707770E-34         0.144926942E-34         0.144926942E-34         0.579707770E-34         0.000000000E+00
       0.256000000E+01         0.573249705E-34         0.143312426E-34         0.143312426E-34         0.573249705E-34         0.000000000E+00
       0.258000000E+01         0.563895998E-34         0.140973999E-34         0.140973999E-34         0.563895998E-34         0.000000000E+00
       0.260000000E+01         0.554185441E-34         0.138546360E-34         0.138546360E-34         0.554185441E-34         0.000000000E+00
       0.262000000E+01         0.539568662E-34         0.134892165E-34         0.134892165E-34         0.539568662E-34         0.000000000E+00
       0.264000000E+01         0.523789188E-34         0.130947297E-34         0.130947297E-34         0.523789188E-34         0.000000000E+00
       0.266000000E+01         0.506130660E-34         0.126532665E-34         0.126532665E-34         0.506130660E-34         0.000000000E+00
       0.268000000E+01         0.491215655E-34         0.122803914E-34         0.122803914E-34         0.491215655E-34         0.000000000E+00
       0.270000000E+01         0.479272062E-34         0.119818015E-34         0.119818015E-34         0.479272062E-34         0.000000000E+00
       0.272000000E+01         0.472272750E-34         0.118068187E-34         0.118068187E-34         0.472272750E-34         0.000000000E+00
       0.274000000E+01         0.467412552E-34         0.116853138E-34         0.116853138E-34         0.467412552E-34         0.000000000E+00
       0.276000000E+01         0.464773967E-34         0.116193492E-34         0.116193492E-34         0.464773967E-34         0.000000000E+00
       0.278000000E+01         0.457984401E-34         0.114496100E-34         0.114496100E-34         0.457984401E-34         0.000000000E+00
       0.280000000E+01         0.453005925E-34         0.113251481E-34         0.113251481E-34         0.453005925E-34         0.000000000E+00
       0.282000000E+01         0.450738988E-34         0.112684747E-34         0.112684747E-34         0.450738988E-34         0.000000000E+00
       0.284000000E+01         0.458000944E-34         0.114500236E-34         0.114500236E-34         0.458000944E-34         0.000000000E+00
       0.286000000E+01         0.468007223E-34         0.117001806E-34         0.117001806E-34         0.468007223E-34         0.000000000E+00
       0.288000000E+01         0.475915142E-34         0.118978785E-34         0.118978785E-34         0.475915142E-34         0.000000000E+00
       0.290000000E+01         0.483683594E-34         0.120920898E-34         0.120920898E-34         0.483683594E-34         0.000000000E+00
       0.292000000E+01         0.493191608E-34         0.123297902E-34         0.123297902E-34         0.493191608E-34         0.000000000E+00
       0.294000000E+01         0.502811741E-34         0.125702935E-34         0.125702935E-34         0.502811741E-34         0.000000000E+00
       0.296000000E+01         0.508764539E-34         0.127191135E-34         0.127191135E-34         0.508764539E-34         0.000000000E+00
       0.298000000E+01         0.504713681E-34         0.126178420E-34         0.126178420E-34         0.504713681E-34         0.000000000E+00
       0.300000000E+01         0.500475383E-34         0.125118846E-34         0.125118846E-34         0.500475383E-34         0.000000000E+00
       0.302000000E+01         0.497999513E-34         0.124499878E-34         0.124499878E-34         0.497999513E-34         0.000000000E+00
       0.304000000E+01         0.497795165E-34         0.124448791E-34         0.124448791E-34         0.497795165E-34         0.000000000E+00
       0.306000000E+01         0.494691844E-34         0.123672961E-34         0.123672961E-34         0.494691844E-34         0.000000000E+00
       0.308000000E+01         0.487288452E-34         0.121822113E-34         0.121822113E-34         0.487288452E-34         0.000000000E+00
       0.310000000E+01         0.476361556E-34         0.119090389E-34         0.119090389E-34         0.476361556E-34         0.000000000E+00
       0.312000000E+01         0.467940318E-34         0.116985080E-34         0.116985080E-34         0.467940318E-34         0.000000000E+00
       0.314000000E+01         0.465468215E-34         0.116367054E-34         0.116367054E-34         0.465468215E-34         0.000000000E+00
       0.316000000E+01         0.456702943E-34         0.114175736E-34         0.114175736E-34         0.456702943E-34         0.000000000E+00
       0.318000000E+01         0.446251507E-34         0.111562877E-34         0.111562877E-34         0.446251507E-34         0.000000000E+00
       0.320000000E+01         0.432477708E-34         0.108119427E-34         0.108119427E-34         0.432477708E-34         0.000000000E+00
       0.322000000E+01         0.423161124E-34         0.105790281E-34         0.105790281E-34         0.423161124E-34         0.000000000E+00
       0.324000000E+01         0.418306703E-34         0.104576676E-34         0.104576676E-34         0.418306703E-34         0.000000000E+00
       0.326000000E+01         0.410754136E-34         0.102688534E-34         0.102688534E-34         0.410754136E-34         0.000000000E+00
       0.328000000E+01         0.402927471E-34         0.100731868E-34         0.100731868E-34         0.402927471E-34         0.000000000E+00
       0.330000000E+01         0.394556121E-34         0.986390303E-35         0.986390303E-35         0.394556121E-34         0.000000000E+00
       0.332000000E+01         0.391677352E-34         0.979193380E-35         0.979193380E-35         0.391677352E-34         0.000000000E+00
       0.334000000E+01         0.390540995E-34         0.976352487E-35         0.976352487E-35         0.390540995E-34         0.000000000E+00
       0.336000000E+01         0.391216938E-34         0.978042346E-35         0.978042346E-35         0.391216938E-34         0.000000000E+00
       0.338000000E+01         0.398419932E-34         0.996049831E-35         0.996049831E-35         0.398419932E-34         0.000000000E+00
       0.340000000E+01         0.402973261E-34         0.100743315E-34         0.100743315E-34         0.402973261E-34         0.000000000E+00
       0.342000000E+01         0.404072121E-34         0.101018030E-34         0.101018030E-34         0.404072121E-34         0.000000000E+00
       0.344000000E+01         0.406848434E-34         0.101712108E-34         0.101712108E-34         0.406848434E-34         0.000000000E+00
       0.346000000E+01         0.420225121E-34         0.105056280E-34         0.105056280E-34         0.420225121E-34         0.000000000E+00
       0.348000000E+01         0.432996315E-34         0.108249079E-34         0.108249079E-34         0.432996315E-34         0.000000000E+00
       0.350000000E+01         0.437919106E-34         0.109479777E-34         0.109479777E-34         0.437919106E-34         0.000000000E+00
       0.352000000E+01         0.436791922E-34         0.109197980E-34         0.109197980E-34         0.436791922E-34         0.000000000E+00
       0.354000000E+01         0.433172593E-34         0.108293148E-34         0.108293148E-34         0.433172593E-34         0.000000000E+00
       0.356000000E+01         0.426354225E-34         0.106588556E-34         0.106588556E-34         0.426354225E-34         0.000000000E+00
       0.358000000E+01         0.420673124E-34         0.105168281E-34         0.105168281E-34         0.420673124E-34         0.000000000E+00
       0.360000000E+01         0.412038337E-34         0.103009584E-34         0.103009584E-34         0.412038337E-34         0.000000000E+00
       0.362000000E+01         0.406816880E-34         0.101704220E-34         0.101704220E-34         0.406816880E-34         0.000000000E+00
       0.364000000E+01         0.404547096E-34         0.101136774E-34         0.101136774E-34         0.404547096E-34         0.000000000E+00
       0.366000000E+01         0.395359264E-34         0.988398159E-35         0.988398159E-35         0.395359264E-34         0.000000000E+00
       0.368000000E+01         0.377381975E-34         0.943454938E-35         0.943454938E-35         0.377381975E-34         0.000000000E+00
       0.370000000E+01         0.360308609E-34         0.900771522E-35         0.900771522E-35         0.360308609E-34         0.000000000E+00
       0.372000000E+01         0.348229988E-34         0.870574969E-35         0.870574969E-35         0.348229988E-34         0.000000000E+00
       0.374000000E+01         0.349259183E-34         0.873147957E-35         0.873147957E-35         0.349259183E-34         0.000000000E+00
       0.376000000E+01         0.356966054E-34         0.892415136E-35         0.892415136E-35         0.356966054E-34         0.000000000E+00
       0.378000000E+01         0.358832768E-34         0.897081920E-35         0.897081920E-35         0.358832768E-34         0.000000000E+00
       0.380000000E+01         0.358085716E-34         0.895214290E-35         0.895214290E-35         0.358085716E-34         0.000000000E+00
       0.382000000E+01         0.356348050E-34         0.890870126E-35         0.890870126E-35         0.356348050E-34         0.000000000E+00
       0.384000000E+01         0.352920766E-34         0.882301914E-35         0.882301914E-35         0.352920766E-34         0.000000000E+00
       0.386000000E+01         0.350389792E-34         0.875974481E-35         0.875974481E-35         0.350389792E-34         0.000000000E+00
       0.388000000E+01         0.347824506E-34         0.869561265E-35         0.869561265E-35         0.347824506E-34         0.000000000E+00
       0.390000000E+01         0.346111997E-34         0.865279992E-35         0.865279992E-35         0.346111997E-34         0.000000000E+00
       0.392000000E+01         0.344909840E-34         0.862274600E-35         0.862274600E-35         0.344909840E-34         0.000000000E+00
       0.394000000E+01         0.343071889E-34         0.857679722E-35         0.857679722E-35         0.343071889E-34         0.000000000E+00
       0.396000000E+01         0.345114022E-34         0.862785055E-35         0.862785055E-35         0.345114022E-34         0.000000000E+00
       0.398000000E+01         0.345634328E-34         0.864085819E-35         0.864085819E-35         0.345634328E-34         0.000000000E+00
       0.400000000E+01         0.340534978E-34         0.851337445E-35         0.851337445E-35         0.340534978E-34         0.000000000E+00
       0.402000000E+01         0.336711778E-34         0.841779444E-35         0.841779444E-35         0.336711778E-34         0.000000000E+00
       0.404000000E+01         0.336401903E-34         0.841004759E-35         0.841004759E-35         0.336401903E-34         0.000000000E+00
       0.406000000E+01         0.338391314E-34         0.845978286E-35         0.845978286E-35         0.338391314E-34         0.000000000E+00
       0.408000000E+01         0.339116824E-34         0.847792059E-35         0.847792059E-35         0.339116824E-34         0.000000000E+00
       0.410000000E+01         0.334229957E-34         0.835574893E-35         0.835574893E-35         0.334229957E-34         0.000000000E+00
       0.412000000E+01         0.329034277E-34         0.822585692E-35         0.822585692E-35         0.329034277E-34         0.000000000E+00
       0.414000000E+01         0.329944892E-34         0.824862230E-35         0.824862230E-35         0.329944892E-34         0.000000000E+00
       0.416000000E+01         0.335007938E-34         0.837519846E-35         0.837519846E-35         0.335007938E-34         0.000000000E+00
       0.418000000E+01         0.341918440E-34         0.854796101E-35         0.854796101E-35         0.341918440E-34         0.000000000E+00
       0.420000000E+01         0.349727310E-34         0.874318275E-35         0.874318275E-35         0.349727310E-34         0.000000000E+00
       0.422000000E+01         0.358045413E-34         0.895113532E-35         0.895113532E-35         0.358045413E-34         0.000000000E+00
       0.424000000E+01         0.366001015E-34         0.915002537E-35         0.915002537E-35         0.366001015E-34         0.000000000E+00
       0.426000000E+01         0.368779515E-34         0.921948788E-35         0.921948788E-35         0.368779515E-34         0.000000000E+00
       0.428000000E+01         0.370986770E-34         0.927466924E-35         0.927466924E-35         0.370986770E-34         0.000000000E+00
       0.430000000E+01         0.372200551E-34         0.930501376E-35         0.930501376E-35         0.372200551E-34         0.000000000E+00
       0.432000000E+01         0.375172604E-34         0.937931510E-35         0.937931510E-35         0.375172604E-34         0.000000000E+00
       0.434000000E+01         0.370439590E-34         0.926098974E-35         0.926098974E-35         0.370439590E-34         0.000000000E+00
       0.436000000E+01         0.363578772E-34         0.908946931E-35         0.908946931E-35         0.363578772E-34         0.000000000E+00
       0.438000000E+01         0.361256050E-34         0.903140126E-35         0.903140126E-35         0.361256050E-34         0.000000000E+00
       0.440000000E+01         0.361755070E-34         0.904387676E-35         0.904387676E-35         0.361755070E-34         0.000000000E+00
       0.442000000E+01         0.365660220E-34         0.914150549E-35         0.914150549E-35         0.365660220E-34         0.000000000E+00
       0.444000000E+01         0.370553475E-34         0.926383689E-35         0.926383689E-35         0.370553475E-34         0.000000000E+00
       0.446000000E+01         0.380328715E-34         0.950821789E-35         0.950821789E-35         0.380328715E-34         0.000000000E+00
       0.448000000E+01         0.394728049E-34         0.986820123E-35         0.986820123E-35         0.394728049E-34         0.000000000E+00
       0.450000000E+01         0.407131767E-34         0.101782942E-34         0.101782942E-34         0.407131767E-34         0.000000000E+00
       0.452000000E+01         0.415178281E-34         0.103794570E-34         0.103794570E-34         0.415178281E-34         0.000000000E+00
       0.454000000E+01         0.419115144E-34         0.104778786E-34         0.104778786E-34         0.419115144E-34         0.000000000E+00
       0.456000000E+01         0.424291723E-34         0.106072931E-34         0.106072931E-34         0.424291723E-34         0.000000000E+00
       0.458000000E+01         0.425702771E-34         0.106425693E-34         0.106425693E-34         0.425702771E-34         0.000000000E+00
       0.460000000E+01         0.423659595E-34         0.105914899E-34         0.105914899E-34         0.423659595E-34         0.000000000E+00
       0.462000000E+01         0.424904107E-34         0.106226027E-34         0.106226027E-34         0.424904107E-34         0.000000000E+00
       0.464000000E+01         0.424631072E-34         0.106157768E-34         0.106157768E-34         0.424631072E-34         0.000000000E+00
       0.466000000E+01         0.424130262E-34         0.106032565E-34         0.106032565E-34         0.424130262E-34         0.000000000E+00
       0.468000000E+01         0.423973889E-34         0.105993472E-34         0.105993472E-34         0.423973889E-34         0.000000000E+00
       0.470000000E+01         0.421707483E-34         0.105426871E-34         0.105426871E-34         0.421707483E-34         0.000000000E+00
       0.472000000E+01         0.413347279E-34         0.103336820E-34         0.103336820E-34         0.413347279E-34         0.000000000E+00
       0.474000000E+01         0.404097884E-34         0.101024471E-34         0.101024471E-34         0.404097884E-34         0.000000000E+00
       0.476000000E+01         0.398195040E-34         0.995487600E-35         0.995487600E-35         0.398195040E-34         0.000000000E+00
       0.478000000E+01         0.393966251E-34         0.984915627E-35         0.984915627E-35         0.393966251E-34         0.000000000E+00
       0.480000000E+01         0.388072769E-34         0.970181922E-35         0.970181922E-35         0.388072769E-34         0.000000000E+00
       0.482000000E+01         0.377848011E-34         0.944620027E-35         0.944620027E-35         0.377848011E-34         0.000000000E+00
       0.484000000E+01         0.371068327E-34         0.927670818E-35         0.927670818E-35         0.371068327E-34         0.000000000E+00
       0.486000000E+01         0.363369177E-34         0.908422943E-35         0.908422943E-35         0.363369177E-34         0.000000000E+00
       0.488000000E+01         0.355222564E-34         0.888056409E-35         0.888056409E-35         0.355222564E-34         0.000000000E+00
       0.490000000E+01         0.347416878E-34         0.868542195E-35         0.868542195E-35         0.347416878E-34         0.000000000E+00
       0.492000000E+01         0.342699910E-34         0.856749776E-35         0.856749776E-35         0.342699910E-34         0.000000000E+00
       0.494000000E+01         0.340642869E-34         0.851607171E-35         0.851607171E-35         0.340642869E-34         0.000000000E+00
       0.496000000E+01         0.342499150E-34         0.856247874E-35         0.856247874E-35         0.342499150E-34         0.000000000E+00
       0.498000000E+01         0.342378730E-34         0.855946824E-35         0.855946824E-35         0.342378730E-34         0.000000000E+00
       0.500000000E+01         0.337995894E-34         0.844989735E-35         0.844989735E-35         0.337995894E-34         0.000000000E+00
       0.502000000E+01         0.335392334E-34         0.838480836E-35         0.838480836E-35         0.335392334E-34         0.000000000E+00
       0.504000000E+01         0.336856074E-34         0.842140184E-35         0.842140184E-35         0.336856074E-34         0.000000000E+00
       0.506000000E+01         0.344889557E-34         0.862223891E-35         0.862223891E-35         0.344889557E-34         0.000000000E+00
       0.508000000E+01         0.358166491E-34         0.895416227E-35         0.895416227E-35         0.358166491E-34         0.000000000E+00
       0.510000000E+01         0.365279631E-34         0.913199078E-35         0.913199078E-35         0.365279631E-34         0.000000000E+00
       0.512000000E+01         0.365565020E-34         0.913912551E-35         0.913912551E-35         0.365565020E-34         0.000000000E+00
       0.514000000E+01         0.366520058E-34         0.916300144E-35         0.916300144E-35         0.366520058E-34         0.000000000E+00
       0.516000000E+01         0.371206029E-34         0.928015072E-35         0.928015072E-35         0.371206029E-34         0.000000000E+00
       0.518000000E+01         0.371877238E-34         0.929693096E-35         0.929693096E-35         0.371877238E-34         0.000000000E+00
       0.520000000E+01         0.369093780E-34         0.922734451E-35         0.922734451E-35         0.369093780E-34         0.000000000E+00
       0.522000000E+01         0.365444802E-34         0.913612005E-35         0.913612005E-35         0.365444802E-34         0.000000000E+00
       0.524000000E+01         0.359466079E-34         0.898665197E-35         0.898665197E-35         0.359466079E-34         0.000000000E+00
       0.526000000E+01         0.357268686E-34         0.893171716E-35         0.893171716E-35         0.357268686E-34         0.000000000E+00
       0.528000000E+01         0.351925128E-34         0.879812821E-35         0.879812821E-35         0.351925128E-34         0.000000000E+00
       0.530000000E+01         0.345356984E-34         0.863392461E-35         0.863392461E-35         0.345356984E-34         0.000000000E+00
       0.532000000E+01         0.336825090E-34         0.842062726E-35         0.842062726E-35         0.336825090E-34         0.000000000E+00
       0.534000000E+01         0.325970214E-34         0.814925534E-35         0.814925534E-35         0.325970214E-34         0.000000000E+00
       0.536000000E+01         0.316309179E-34         0.790772948E-35         0.790772948E-35         0.316309179E-34         0.000000000E+00
       0.538000000E+01         0.309287855E-34         0.773219638E-35         0.773219638E-35         0.309287855E-34         0.000000000E+00
       0.540000000E+01         0.302347826E-34         0.755869565E-35         0.755869565E-35         0.302347826E-34         0.000000000E+00
       0.542000000E+01         0.295474325E-34         0.738685812E-35         0.738685812E-35         0.295474325E-34         0.000000000E+00
       0.544000000E+01         0.290103830E-34         0.725259576E-35         0.725259576E-35         0.290103830E-34         0.000000000E+00
       0.546000000E+01         0.290006400E-34         0.725016000E-35         0.725016000E-35         0.290006400E-34         0.000000000E+00
       0.548000000E+01         0.292838180E-34         0.732095450E-35         0.732095450E-35         0.292838180E-34         0.000000000E+00
       0.550000000E+01         0.293951281E-34         0.734878201E-35         0.734878201E-35         0.293951281E-34         0.000000000E+00
       0.552000000E+01         0.290835962E-34         0.727089905E-35         0.727089905E-35         0.290835962E-34         0.000000000E+00
       0.554000000E+01         0.286828362E-34         0.717070905E-35         0.717070905E-35         0.286828362E-34         0.000000000E+00
       0.556000000E+01         0.284743033E-34         0.711857583E-35         0.711857583E-35         0.284743033E-34         0.000000000E+00
       0.558000000E+01         0.281933707E-34         0.704834267E-35         0.704834267E-35         0.281933707E-34         0.000000000E+00
       0.560000000E+01         0.280585830E-34         0.701464574E-35         0.701464574E-35         0.280585830E-34         0.000000000E+00
       0.562000000E+01         0.282069336E-34         0.705173339E-35         0.705173339E-35         0.282069336E-34         0.000000000E+00
       0.564000000E+01         0.285620209E-34         0.714050522E-35         0.714050522E-35         0.285620209E-34         0.000000000E+00
       0.566000000E+01         0.291299223E-34         0.728248058E-35         0.728248058E-35         0.291299223E-34         0.000000000E+00
       0.568000000E+01         0.295274463E-34         0.738186156E-35         0.738186156E-35         0.295274463E-34         0.000000000E+00
       0.570000000E+01         0.297273914E-34         0.743184786E-35         0.743184786E-35         0.297273914E-34         0.000000000E+00
       0.572000000E+01         0.299009707E-34         0.747524268E-35         0.747524268E-35         0.299009707E-34         0.000000000E+00
       0.574000000E+01         0.300460187E-34         0.751150469E-35         0.751150469E-35         0.300460187E-34         0.000000000E+00
       0.576000000E+01         0.301070097E-34         0.752675243E-35         0.752675243E-35         0.301070097E-34         0.000000000E+00
       0.578000000E+01         0.300945924E-34         0.752364809E-35         0.752364809E-35         0.300945924E-34         0.000000000E+00
       0.580000000E+01         0.298160159E-34         0.745400398E-35         0.745400398E-35         0.298160159E-34         0.000000000E+00
       0.582000000E+01         0.291294708E-34         0.728236771E-35         0.728236771E-35         0.291294708E-34         0.000000000E+00
       0.584000000E+01         0.283085460E-34         0.707713650E-35         0.707713650E-35         0.283085460E-34         0.000000000E+00
       0.586000000E+01         0.275611188E-34         0.689027970E-35         0.689027970E-35         0.275611188E-34         0.000000000E+00
       0.588000000E+01         0.270351203E-34         0.675878007E-35         0.675878007E-35         0.270351203E-34         0.000000000E+00
       0.590000000E+01         0.269895322E-34         0.674738306E-35         0.674738306E-35         0.269895322E-34         0.000000000E+00
       0.592000000E+01         0.272127171E-34         0.680317929E-35         0.680317929E-35         0.272127171E-34         0.000000000E+00
       0.594000000E+01         0.278292924E-34         0.695732310E-35         0.695732310E-35         0.278292924E-34         0.000000000E+00
       0.596000000E+01         0.288450086E-34         0.721125216E-35         0.721125216E-35         0.288450086E-34         0.000000000E+00
       0.598000000E+01         0.297537101E-34         0.743842753E-35         0.743842753E-35         0.297537101E-34         0.000000000E+00
       0.600000000E+01         0.304583988E-34         0.761459969E-35         0.761459969E-35         0.304583988E-34         0.000000000E+00
       0.602000000E+01         0.309950925E-34         0.774877314E-35         0.774877314E-35         0.309950925E-34         0.000000000E+00
       0.604000000E+01         0.312412759E-34         0.781031897E-35         0.781031897E-35         0.312412759E-34         0.000000000E+00
       0.606000000E+01         0.310160774E-34         0.775401935E-35         0.775401935E-35         0.310160774E-34         0.000000000E+00
       0.608000000E+01         0.304018979E-34         0.760047449E-35         0.760047449E-35         0.304018979E-34         0.000000000E+00
       0.610000000E+01         0.298769587E-34         0.746923968E-35         0.746923968E-35         0.298769587E-34         0.000000000E+00
       0.612000000E+01         0.294427945E-34         0.736069862E-35         0.736069862E-35         0.294427945E-34         0.000000000E+00
       0.614000000E+01         0.288711636E-34         0.721779090E-35         0.721779090E-35         0.288711636E-34         0.000000000E+00
       0.616000000E+01         0.286940015E-34         0.717350037E-35         0.717350037E-35         0.286940015E-34         0.000000000E+00
       0.618000000E+01         0.286769231E-34         0.716923078E-35         0.716923078E-35         0.286769231E-34         0.000000000E+00
       0.620000000E+01         0.287146397E-34         0.717865992E-35         0.717865992E-35         0.287146397E-34         0.000000000E+00
       0.622000000E+01         0.285061549E-34         0.712653873E-35         0.712653873E-35         0.285061549E-34         0.000000000E+00
       0.624000000E+01         0.281841732E-34         0.704604331E-35         0.704604331E-35         0.281841732E-34         0.000000000E+00
       0.626000000E+01         0.278022982E-34         0.695057456E-35         0.695057456E-35         0.278022982E-34         0.000000000E+00
       0.628000000E+01         0.273841428E-34         0.684603570E-35         0.684603570E-35         0.273841428E-34         0.000000000E+00
       0.630000000E+01         0.271436093E-34         0.678590232E-35         0.678590232E-35         0.271436093E-34         0.000000000E+00
       0.632000000E+01         0.271614746E-34         0.679036866E-35         0.679036866E-35         0.271614746E-34         0.000000000E+00
       0.634000000E+01         0.272792426E-34         0.681981065E-35         0.681981065E-35         0.272792426E-34         0.000000000E+00
       0.636000000E+01         0.269348409E-34         0.673371024E-35         0.673371024E-35         0.269348409E-34         0.000000000E+00
       0.638000000E+01         0.261709526E-34         0.654273815E-35         0.654273815E-35         0.261709526E-34         0.000000000E+00
       0.640000000E+01         0.254977915E-34         0.637444787E-35         0.637444787E-35         0.254977915E-34         0.000000000E+00
       0.642000000E+01         0.253163792E-34         0.632909481E-35         0.632909481E-35         0.253163792E-34         0.000000000E+00
       0.644000000E+01         0.252019651E-34         0.630049127E-35         0.630049127E-35         0.252019651E-34         0.000000000E+00
       0.646000000E+01         0.247925491E-34         0.619813729E-35         0.619813729E-35         0.247925491E-34         0.000000000E+00
       0.648000000E+01         0.242270762E-34         0.605676904E-35         0.605676904E-35         0.242270762E-34         0.000000000E+00
       0.650000000E+01         0.236444842E-34         0.591112105E-35         0.591112105E-35         0.236444842E-34         0.000000000E+00
       0.652000000E+01         0.228836518E-34         0.572091295E-35         0.572091295E-35         0.228836518E-34         0.000000000E+00
       0.654000000E+01         0.222929527E-34         0.557323819E-35         0.557323819E-35         0.222929527E-34         0.000000000E+00
       0.656000000E+01         0.218676649E-34         0.546691623E-35         0.546691623E-35         0.218676649E-34         0.000000000E+00
       0.658000000E+01         0.215639193E-34         0.539097982E-35         0.539097982E-35         0.215639193E-34         0.000000000E+00
       0.660000000E+01         0.214934676E-34         0.537336691E-35         0.537336691E-35         0.214934676E-34         0.000000000E+00
       0.662000000E+01         0.218781669E-34         0.546954173E-35         0.546954173E-35         0.218781669E-34         0.000000000E+00
       0.664000000E+01         0.219034690E-34         0.547586725E-35         0.547586725E-35         0.219034690E-34         0.000000000E+00
       0.666000000E+01         0.217926478E-34         0.544816195E-35         0.544816195E-35         0.217926478E-34         0.000000000E+00
       0.668000000E+01         0.216275496E-34         0.540688740E-35         0.540688740E-35         0.216275496E-34         0.000000000E+00
       0.670000000E+01         0.219715995E-34         0.549289988E-35         0.549289988E-35         0.219715995E-34         0.000000000E+00
       0.672000000E+01         0.223023897E-34         0.557559743E-35         0.557559743E-35         0.223023897E-34         0.000000000E+00
       0.674000000E+01         0.220419119E-34         0.551047797E-35         0.551047797E-35         0.220419119E-34         0.000000000E+00
       0.676000000E+01         0.217241665E-34         0.543104162E-35         0.543104162E-35         0.217241665E-34         0.000000000E+00
       0.678000000E+01         0.215540957E-34         0.538852392E-35         0.538852392E-35         0.215540957E-34         0.000000000E+00
       0.680000000E+01         0.214674339E-34         0.536685849E-35         0.536685849E-35         0.214674339E-34         0.000000000E+00
       0.682000000E+01         0.214239547E-34         0.535598867E-35         0.535598867E-35         0.214239547E-34         0.000000000E+00
       0.684000000E+01         0.215009645E-34         0.537524112E-35         0.537524112E-35         0.215009645E-34         0.000000000E+00
       0.686000000E+01         0.212538985E-34         0.531347463E-35         0.531347463E-35         0.212538985E-34         0.000000000E+00
       0.688000000E+01         0.208943141E-34         0.522357854E-35         0.522357854E-35         0.208943141E-34         0.000000000E+00
       0.690000000E+01         0.206813026E-34         0.517032565E-35         0.517032565E-35         0.206813026E-34         0.000000000E+00
       0.692000000E+01         0.210235417E-34         0.525588543E-35         0.525588543E-35         0.210235417E-34         0.000000000E+00
       0.694000000E+01         0.217841080E-34         0.544602701E-35         0.544602701E-35         0.217841080E-34         0.000000000E+00
       0.696000000E+01         0.227328266E-34         0.568320666E-35         0.568320666E-35         0.227328266E-34         0.000000000E+00
       0.698000000E+01         0.232822376E-34         0.582055939E-35         0.582055939E-35         0.232822376E-34         0.000000000E+00
       0.700000000E+01         0.233960737E-34         0.584901844E-35         0.584901844E-35         0.233960737E-34         0.000000000E+00
       0.702000000E+01         0.234632669E-34         0.586581672E-35         0.586581672E-35         0.234632669E-34         0.000000000E+00
       0.704000000E+01         0.235999984E-34         0.589999960E-35         0.589999960E-35         0.235999984E-34         0.000000000E+00
       0.706000000E+01         0.239456080E-34         0.598640200E-35         0.598640200E-35         0.239456080E-34         0.000000000E+00
       0.708000000E+01         0.241516840E-34         0.603792099E-35         0.603792099E-35         0.241516840E-34         0.000000000E+00
       0.710000000E+01         0.243523942E-34         0.608809855E-35         0.608809855E-35         0.243523942E-34         0.000000000E+00
       0.712000000E+01         0.245888782E-34         0.614721956E-35         0.614721956E-35         0.245888782E-34         0.000000000E+00
       0.714000000E+01         0.247354337E-34         0.618385843E-35         0.618385843E-35         0.247354337E-34         0.000000000E+00
       0.716000000E+01         0.246643682E-34         0.616609206E-35         0.616609206E-35         0.246643682E-34         0.000000000E+00
       0.718000000E+01         0.248799686E-34         0.621999216E-35         0.621999216E-35         0.248799686E-34         0.000000000E+00
       0.720000000E+01         0.253164388E-34         0.632910969E-35         0.632910969E-35         0.253164388E-34         0.000000000E+00
       0.722000000E+01         0.251267890E-34         0.628169725E-35         0.628169725E-35         0.251267890E-34         0.000000000E+00
       0.724000000E+01         0.245117020E-34         0.612792550E-35         0.612792550E-35         0.245117020E-34         0.000000000E+00
       0.726000000E+01         0.239514009E-34         0.598785023E-35         0.598785023E-35         0.239514009E-34         0.000000000E+00
       0.728000000E+01         0.233742482E-34         0.584356206E-35         0.584356206E-35         0.233742482E-34         0.000000000E+00
       0.730000000E+01         0.234870174E-34         0.587175435E-35         0.587175435E-35         0.234870174E-34         0.000000000E+00
       0.732000000E+01         0.234720344E-34         0.586800861E-35         0.586800861E-35         0.234720344E-34         0.000000000E+00
       0.734000000E+01         0.230845544E-34         0.577113860E-35         0.577113860E-35         0.230845544E-34         0.000000000E+00
       0.736000000E+01         0.224822983E-34         0.562057457E-35         0.562057457E-35         0.224822983E-34         0.000000000E+00
       0.738000000E+01         0.220206963E-34         0.550517408E-35         0.550517408E-35         0.220206963E-34         0.000000000E+00
       0.740000000E+01         0.221746454E-34         0.554366135E-35         0.554366135E-35         0.221746454E-34         0.000000000E+00
       0.742000000E+01         0.229650890E-34         0.574127226E-35         0.574127226E-35         0.229650890E-34         0.000000000E+00
       0.744000000E+01         0.236664254E-34         0.591660634E-35         0.591660634E-35         0.236664254E-34         0.000000000E+00
       0.746000000E+01         0.238602034E-34         0.596505085E-35         0.596505085E-35         0.238602034E-34         0.000000000E+00
       0.748000000E+01         0.239293449E-34         0.598233622E-35         0.598233622E-35         0.239293449E-34         0.000000000E+00
       0.750000000E+01         0.242658752E-34         0.606646879E-35         0.606646879E-35         0.242658752E-34         0.000000000E+00
       0.752000000E+01         0.243653958E-34         0.609134896E-35         0.609134896E-35         0.243653958E-34         0.000000000E+00
       0.754000000E+01         0.242053880E-34         0.605134699E-35         0.605134699E-35         0.242053880E-34         0.000000000E+00
       0.756000000E+01         0.238844625E-34         0.597111564E-35         0.597111564E-35         0.238844625E-34         0.000000000E+00
       0.758000000E+01         0.232793158E-34         0.581982895E-35         0.581982895E-35         0.232793158E-34         0.000000000E+00
       0.760000000E+01         0.226135414E-34         0.565338536E-35         0.565338536E-35         0.226135414E-34         0.000000000E+00
       0.762000000E+01         0.221445032E-34         0.553612579E-35         0.553612579E-35         0.221445032E-34         0.000000000E+00
       0.764000000E+01         0.214123038E-34         0.535307594E-35         0.535307594E-35         0.214123038E-34         0.000000000E+00
       0.766000000E+01         0.207146769E-34         0.517866922E-35         0.517866922E-35         0.207146769E-34         0.000000000E+00
       0.768000000E+01         0.198973203E-34         0.497433009E-35         0.497433009E-35         0.198973203E-34         0.000000000E+00
       0.770000000E+01         0.192506375E-34         0.481265937E-35         0.481265937E-35         0.192506375E-34         0.000000000E+00
       0.772000000E+01         0.185815612E-34         0.464539029E-35         0.464539029E-35         0.185815612E-34         0.000000000E+00
       0.774000000E+01         0.180690363E-34         0.451725907E-35         0.451725907E-35         0.180690363E-34         0.000000000E+00
       0.776000000E+01         0.178370904E-34         0.445927260E-35         0.445927260E-35         0.178370904E-34         0.000000000E+00
       0.778000000E+01         0.181196274E-34         0.452990684E-35         0.452990684E-35         0.181196274E-34         0.000000000E+00
       0.780000000E+01         0.184898159E-34         0.462245397E-35         0.462245397E-35         0.184898159E-34         0.000000000E+00
       0.782000000E+01         0.188315647E-34         0.470789117E-35         0.470789117E-35         0.188315647E-34         0.000000000E+00
       0.784000000E+01         0.192078475E-34         0.480196187E-35         0.480196187E-35         0.192078475E-34         0.000000000E+00
       0.786000000E+01         0.199158582E-34         0.497896454E-35         0.497896454E-35         0.199158582E-34         0.000000000E+00
       0.788000000E+01         0.203685190E-34         0.509212974E-35         0.509212974E-35         0.203685190E-34         0.000000000E+00
       0.790000000E+01         0.209409846E-34         0.523524614E-35         0.523524614E-35         0.209409846E-34         0.000000000E+00
       0.792000000E+01         0.216297002E-34         0.540742504E-35         0.540742504E-35         0.216297002E-34         0.000000000E+00
       0.794000000E+01         0.217882546E-34         0.544706365E-35         0.544706365E-35         0.217882546E-34         0.000000000E+00
