#time,time_average_counter,rav_polo(un),rav_toro(un),rav_gamma(un),rav_polo(bar{u}),rav_toro(bar{u}),rav_gamma(bar{u})
       0.200000000E-01     1       0.894316209E-04         0.263514267E-01         0.339380565E-02         0.894316209E-04         0.263514267E-01         0.339380565E-02
       0.400000000E-01     2       0.938800764E-04         0.262109125E-01         0.358171721E-02         0.413506412E-04         0.262811696E-01         0.157339425E-02
       0.600000000E-01     3       0.125087975E-03         0.260777782E-01         0.479672670E-02         0.582246797E-04         0.262133725E-01         0.222118233E-02
       0.800000000E-01     4       0.134539036E-03         0.259567072E-01         0.518320889E-02         0.758936836E-04         0.261492062E-01         0.290233222E-02
       0.100000000E+00     5       0.148835494E-03         0.258484973E-01         0.575799405E-02         0.894557447E-04         0.260890644E-01         0.342885982E-02
       0.120000000E+00     6       0.170523395E-03         0.257507648E-01         0.662207107E-02         0.101679175E-03         0.260326811E-01         0.390582800E-02
       0.140000000E+00     7       0.197221490E-03         0.256614458E-01         0.768551748E-02         0.113894897E-03         0.259796475E-01         0.438400471E-02
       0.160000000E+00     8       0.226248783E-03         0.255789338E-01         0.884512173E-02         0.126549253E-03         0.259295583E-01         0.488050170E-02
       0.180000000E+00     9       0.257345111E-03         0.255019926E-01         0.100911766E-01         0.139722463E-03         0.258820510E-01         0.539843085E-02
       0.200000000E+00    10       0.290371892E-03         0.254296582E-01         0.114186313E-01         0.153394970E-03         0.258368117E-01         0.593707038E-02
       0.220000000E+00    11       0.324846573E-03         0.253611624E-01         0.128088203E-01         0.167512593E-03         0.257935709E-01         0.649435449E-02
       0.240000000E+00    12       0.360352381E-03         0.252958831E-01         0.142454952E-01         0.182059024E-03         0.257520969E-01         0.706967767E-02
       0.260000000E+00    13       0.396666351E-03         0.252333120E-01         0.157199479E-01         0.197063381E-03         0.257121904E-01         0.766420046E-02
       0.280000000E+00    14       0.433701760E-03         0.251730329E-01         0.172288243E-01         0.212554718E-03         0.256736791E-01         0.827909069E-02
       0.300000000E+00    15       0.471394857E-03         0.251147037E-01         0.187696762E-01         0.228557144E-03         0.256364141E-01         0.891533205E-02
       0.320000000E+00    16       0.509710794E-03         0.250580433E-01         0.203412049E-01         0.245099681E-03         0.256002659E-01         0.957410684E-02
       0.340000000E+00    17       0.548696728E-03         0.250028198E-01         0.219453938E-01         0.262080880E-03         0.255651220E-01         0.102515012E-01
       0.360000000E+00    18       0.588405751E-03         0.249488410E-01         0.235844924E-01         0.279421178E-03         0.255308842E-01         0.109444380E-01
       0.380000000E+00    19       0.628775200E-03         0.248959471E-01         0.252561269E-01         0.297059586E-03         0.254974664E-01         0.116505531E-01
       0.400000000E+00    20       0.669666754E-03         0.248440040E-01         0.269548642E-01         0.314958009E-03         0.254647933E-01         0.123683709E-01
       0.420000000E+00    21       0.710888480E-03         0.247928987E-01         0.286730683E-01         0.333087335E-03         0.254327983E-01         0.130967631E-01
       0.440000000E+00    22       0.752336990E-03         0.247425356E-01         0.304066246E-01         0.351436826E-03         0.254014228E-01         0.138353205E-01
       0.460000000E+00    23       0.794221470E-03         0.246928326E-01         0.321640487E-01         0.370006285E-03         0.253706145E-01         0.145840490E-01
       0.480000000E+00    24       0.836530612E-03         0.246437194E-01         0.339449820E-01         0.388790587E-03         0.253403272E-01         0.153427611E-01
       0.500000000E+00    25       0.878926785E-03         0.245951353E-01         0.357357980E-01         0.407771280E-03         0.253105195E-01         0.161107432E-01
       0.520000000E+00    26       0.921287451E-03         0.245470273E-01         0.375315283E-01         0.426919158E-03         0.252811544E-01         0.168868538E-01
       0.540000000E+00    27       0.963548802E-03         0.244993495E-01         0.393295669E-01         0.446203817E-03         0.252521987E-01         0.176698996E-01
       0.560000000E+00    28       0.100568401E-02         0.244520613E-01         0.411288029E-01         0.465598685E-03         0.252236224E-01         0.184588351E-01
       0.580000000E+00    29       0.104770174E-02         0.244051273E-01         0.429295748E-01         0.485081183E-03         0.251953984E-01         0.192527689E-01
       0.600000000E+00    30       0.108963904E-02         0.243585163E-01         0.447333913E-01         0.504641116E-03         0.251675023E-01         0.200512991E-01
       0.620000000E+00    31       0.113153124E-02         0.243122007E-01         0.465417035E-01         0.524300661E-03         0.251399119E-01         0.208553102E-01
       0.640000000E+00    32       0.117337188E-02         0.242661561E-01         0.483542541E-01         0.544097744E-03         0.251126071E-01         0.216663185E-01
       0.660000000E+00    33       0.121510882E-02         0.242203608E-01         0.501688983E-01         0.563986495E-03         0.250855693E-01         0.224825073E-01
       0.680000000E+00    34       0.125668798E-02         0.241747958E-01         0.519833959E-01         0.583900590E-03         0.250587819E-01         0.233012360E-01
       0.700000000E+00    35       0.129798032E-02         0.241294441E-01         0.537923839E-01         0.603809581E-03         0.250322293E-01         0.241212867E-01
       0.720000000E+00    36       0.133888765E-02         0.240842909E-01         0.555917407E-01         0.623694585E-03         0.250058977E-01         0.249418994E-01
       0.740000000E+00    37       0.137935572E-02         0.240393227E-01         0.573791425E-01         0.643543001E-03         0.249797741E-01         0.257625629E-01
       0.760000000E+00    38       0.141935503E-02         0.239945280E-01         0.591532801E-01         0.663346968E-03         0.249538465E-01         0.265829545E-01
       0.780000000E+00    39       0.145887135E-02         0.239498964E-01         0.609134724E-01         0.683102746E-03         0.249281042E-01         0.274029160E-01
       0.800000000E+00    40       0.149789118E-02         0.239054190E-01         0.626590641E-01         0.702810061E-03         0.249025371E-01         0.282224280E-01
       0.820000000E+00    41       0.153638804E-02         0.238610879E-01         0.643888513E-01         0.722470795E-03         0.248771359E-01         0.290415584E-01
       0.840000000E+00    42       0.157432345E-02         0.238168963E-01         0.661011169E-01         0.742086745E-03         0.248518921E-01         0.298603721E-01
       0.860000000E+00    43       0.161166220E-02         0.237728383E-01         0.677942690E-01         0.761656926E-03         0.248267978E-01         0.306788226E-01
       0.880000000E+00    44       0.164834393E-02         0.237289091E-01         0.694656431E-01         0.781175723E-03         0.248018458E-01         0.314966768E-01
       0.900000000E+00    45       0.168432472E-02         0.236851045E-01         0.711132487E-01         0.800632885E-03         0.247770293E-01         0.323135140E-01
       0.920000000E+00    46       0.171958072E-02         0.236414211E-01         0.727359285E-01         0.820015133E-03         0.247523422E-01         0.331287894E-01
       0.940000000E+00    47       0.175410023E-02         0.235978564E-01         0.743330330E-01         0.839308223E-03         0.247277787E-01         0.339419175E-01
       0.960000000E+00    48       0.178788056E-02         0.235544082E-01         0.759042869E-01         0.858498721E-03         0.247033335E-01         0.347523431E-01
       0.980000000E+00    49       0.182092423E-02         0.235110753E-01         0.774496364E-01         0.877574627E-03         0.246790017E-01         0.355595676E-01
       0.100000000E+01    50       0.185323397E-02         0.234678568E-01         0.789690337E-01         0.896530904E-03         0.246547788E-01         0.363633725E-01
       0.102000000E+01    51       0.188480729E-02         0.234247524E-01         0.804622074E-01         0.915354115E-03         0.246306606E-01         0.371631979E-01
       0.104000000E+01    52       0.191563323E-02         0.233817623E-01         0.819285220E-01         0.934030230E-03         0.246066433E-01         0.379584577E-01
       0.106000000E+01    53       0.194569285E-02         0.233388871E-01         0.833669936E-01         0.952551943E-03         0.245827234E-01         0.387488370E-01
       0.108000000E+01    54       0.197496251E-02         0.232961279E-01         0.847764279E-01         0.970913665E-03         0.245588976E-01         0.395340900E-01
       0.110000000E+01    55       0.200341874E-02         0.232534860E-01         0.861556300E-01         0.989110715E-03         0.245351628E-01         0.403140066E-01
       0.112000000E+01    56       0.203104672E-02         0.232109632E-01         0.875037670E-01         0.100713829E-02         0.245115164E-01         0.410883716E-01
       0.114000000E+01    57       0.205783039E-02         0.231685616E-01         0.888199462E-01         0.102499084E-02         0.244879558E-01         0.418569376E-01
       0.116000000E+01    58       0.208372771E-02         0.231262833E-01         0.901021438E-01         0.104266192E-02         0.244644787E-01         0.426194211E-01
       0.118000000E+01    59       0.210871865E-02         0.230841310E-01         0.913492759E-01         0.106014463E-02         0.244410829E-01         0.433755179E-01
       0.120000000E+01    60       0.213279269E-02         0.230421075E-01         0.925606607E-01         0.107743214E-02         0.244177667E-01         0.441249255E-01
       0.122000000E+01    61       0.215594436E-02         0.230002155E-01         0.937358331E-01         0.109451821E-02         0.243945281E-01         0.448673654E-01
       0.124000000E+01    62       0.217817125E-02         0.229584583E-01         0.948744566E-01         0.111139762E-02         0.243713657E-01         0.456025992E-01
       0.126000000E+01    63       0.219947252E-02         0.229168390E-01         0.959762610E-01         0.112806672E-02         0.243482780E-01         0.463304516E-01
       0.128000000E+01    64       0.221984794E-02         0.228753609E-01         0.970410018E-01         0.114452256E-02         0.243252637E-01         0.470507771E-01
       0.130000000E+01    65       0.223929751E-02         0.228340274E-01         0.980684428E-01         0.116076134E-02         0.243023216E-01         0.477633931E-01
       0.132000000E+01    66       0.225782162E-02         0.227928419E-01         0.990583634E-01         0.117677841E-02         0.242794507E-01         0.484680820E-01
       0.134000000E+01    67       0.227542147E-02         0.227518079E-01         0.100010578E+00         0.119257148E-02         0.242566500E-01         0.491647230E-01
       0.136000000E+01    68       0.229209961E-02         0.227109288E-01         0.100924961E+00         0.120813919E-02         0.242339188E-01         0.498532324E-01
       0.138000000E+01    69       0.230786035E-02         0.226702082E-01         0.101801463E+00         0.122348057E-02         0.242112564E-01         0.505335433E-01
       0.140000000E+01    70       0.232271035E-02         0.226296494E-01         0.102640138E+00         0.123859486E-02         0.241886620E-01         0.512055962E-01
       0.142000000E+01    71       0.233665999E-02         0.225892559E-01         0.103441211E+00         0.125348123E-02         0.241661351E-01         0.518693298E-01
       0.144000000E+01    72       0.234971632E-02         0.225490310E-01         0.104204758E+00         0.126813870E-02         0.241436753E-01         0.525246750E-01
       0.146000000E+01    73       0.236188442E-02         0.225089780E-01         0.104930771E+00         0.128256597E-02         0.241212822E-01         0.531715504E-01
       0.148000000E+01    74       0.237317328E-02         0.224691000E-01         0.105619419E+00         0.129676148E-02         0.240989554E-01         0.538098624E-01
       0.150000000E+01    75       0.238359395E-02         0.224294002E-01         0.106270963E+00         0.131072338E-02         0.240766947E-01         0.544395065E-01
       0.152000000E+01    76       0.239315862E-02         0.223898816E-01         0.106885720E+00         0.132444971E-02         0.240544998E-01         0.550603720E-01
       0.154000000E+01    77       0.240188010E-02         0.223505469E-01         0.107464041E+00         0.133793845E-02         0.240323705E-01         0.556723463E-01
       0.156000000E+01    78       0.240977152E-02         0.223113991E-01         0.108006294E+00         0.135118770E-02         0.240103068E-01         0.562753200E-01
       0.158000000E+01    79       0.241684619E-02         0.222724406E-01         0.108512858E+00         0.136419570E-02         0.239883085E-01         0.568691913E-01
       0.160000000E+01    80       0.242311746E-02         0.222336739E-01         0.108984124E+00         0.137696099E-02         0.239663756E-01         0.574538684E-01
       0.162000000E+01    81       0.242859884E-02         0.221951013E-01         0.109420489E+00         0.138948238E-02         0.239445080E-01         0.580292725E-01
       0.164000000E+01    82       0.243330399E-02         0.221567251E-01         0.109822367E+00         0.140175903E-02         0.239227057E-01         0.585953381E-01
       0.166000000E+01    83       0.243724689E-02         0.221185471E-01         0.110190189E+00         0.141379045E-02         0.239009689E-01         0.591520142E-01
       0.168000000E+01    84       0.244044193E-02         0.220805693E-01         0.110524411E+00         0.142557647E-02         0.238792975E-01         0.596992634E-01
       0.170000000E+01    85       0.244290395E-02         0.220427933E-01         0.110825516E+00         0.143711724E-02         0.238576915E-01         0.602370618E-01
       0.172000000E+01    86       0.244464833E-02         0.220052206E-01         0.111094016E+00         0.144841321E-02         0.238361512E-01         0.607653977E-01
       0.174000000E+01    87       0.244569098E-02         0.219678525E-01         0.111330454E+00         0.145946509E-02         0.238146765E-01         0.612842711E-01
       0.176000000E+01    88       0.244604835E-02         0.219306901E-01         0.111535402E+00         0.147027385E-02         0.237932675E-01         0.617936923E-01
       0.178000000E+01    89       0.244573735E-02         0.218937345E-01         0.111709464E+00         0.148084069E-02         0.237719245E-01         0.622936812E-01
       0.180000000E+01    90       0.244477538E-02         0.218569865E-01         0.111853269E+00         0.149116699E-02         0.237506474E-01         0.627842672E-01
       0.182000000E+01    91       0.244318030E-02         0.218204466E-01         0.111967474E+00         0.150125439E-02         0.237294364E-01         0.632654886E-01
       0.184000000E+01    92       0.244097039E-02         0.217841155E-01         0.112052766E+00         0.151110467E-02         0.237082916E-01         0.637373916E-01
       0.186000000E+01    93       0.243816444E-02         0.217479932E-01         0.112109858E+00         0.152072018E-02         0.236872131E-01         0.642000462E-01
       0.188000000E+01    94       0.243478163E-02         0.217120801E-01         0.112139491E+00         0.153010231E-02         0.236662011E-01         0.646534824E-01
       0.190000000E+01    95       0.243084152E-02         0.216763761E-01         0.112142431E+00         0.153925119E-02         0.236452555E-01         0.650976764E-01
       0.192000000E+01    96       0.242636593E-02         0.216408810E-01         0.112119554E+00         0.154816826E-02         0.236243766E-01         0.655326608E-01
       0.194000000E+01    97       0.242137442E-02         0.216055944E-01         0.112071641E+00         0.155685527E-02         0.236035645E-01         0.659584815E-01
       0.196000000E+01    98       0.241588703E-02         0.215705159E-01         0.111999502E+00         0.156531417E-02         0.235828191E-01         0.663751932E-01
       0.198000000E+01    99       0.240992271E-02         0.215356448E-01         0.111903903E+00         0.157354706E-02         0.235621405E-01         0.667828570E-01
       0.200000000E+01   100       0.240350204E-02         0.215009805E-01         0.111785695E+00         0.158155617E-02         0.235415289E-01         0.671815403E-01
       0.202000000E+01   101       0.239664635E-02         0.214665219E-01         0.111645769E+00         0.158934386E-02         0.235209843E-01         0.675713159E-01
       0.204000000E+01   102       0.238937594E-02         0.214322682E-01         0.111484978E+00         0.159691259E-02         0.235005067E-01         0.679522620E-01
       0.206000000E+01   103       0.238171199E-02         0.213982180E-01         0.111304221E+00         0.160426493E-02         0.234800961E-01         0.683244617E-01
       0.208000000E+01   104       0.237367343E-02         0.213643702E-01         0.111104302E+00         0.161140355E-02         0.234597526E-01         0.686880027E-01
       0.210000000E+01   105       0.236528039E-02         0.213307234E-01         0.110886084E+00         0.161833121E-02         0.234394761E-01         0.690429771E-01
       0.212000000E+01   106       0.235655244E-02         0.212972762E-01         0.110650415E+00         0.162505076E-02         0.234192667E-01         0.693894808E-01
       0.214000000E+01   107       0.234750880E-02         0.212640269E-01         0.110398130E+00         0.163156510E-02         0.233991243E-01         0.697276136E-01
       0.216000000E+01   108       0.233817240E-02         0.212309739E-01         0.110130247E+00         0.163787722E-02         0.233790488E-01         0.700574789E-01
       0.218000000E+01   109       0.232856110E-02         0.211981156E-01         0.109847552E+00         0.164399017E-02         0.233590403E-01         0.703791831E-01
       0.220000000E+01   110       0.231870127E-02         0.211654500E-01         0.109551239E+00         0.164990705E-02         0.233390985E-01         0.706928356E-01
       0.222000000E+01   111       0.230860541E-02         0.211329753E-01         0.109241855E+00         0.165563102E-02         0.233192235E-01         0.709985484E-01
       0.224000000E+01   112       0.229829338E-02         0.211006895E-01         0.108920298E+00         0.166116527E-02         0.232994152E-01         0.712964361E-01
       0.226000000E+01   113       0.228778339E-02         0.210685907E-01         0.108587395E+00         0.166651303E-02         0.232796734E-01         0.715866154E-01
       0.228000000E+01   114       0.227709258E-02         0.210366769E-01         0.108243930E+00         0.167167756E-02         0.232599980E-01         0.718692049E-01
       0.230000000E+01   115       0.226623793E-02         0.210049458E-01         0.107890682E+00         0.167666217E-02         0.232403888E-01         0.721443251E-01
       0.232000000E+01   116       0.225523523E-02         0.209733954E-01         0.107528380E+00         0.168147016E-02         0.232208458E-01         0.724120981E-01
       0.234000000E+01   117       0.224410032E-02         0.209420236E-01         0.107157759E+00         0.168610488E-02         0.232013687E-01         0.726726474E-01
       0.236000000E+01   118       0.223284894E-02         0.209108281E-01         0.106779556E+00         0.169056968E-02         0.231819573E-01         0.729260977E-01
       0.238000000E+01   119       0.222149691E-02         0.208798068E-01         0.106394515E+00         0.169486792E-02         0.231626115E-01         0.731725747E-01
       0.240000000E+01   120       0.221006027E-02         0.208489573E-01         0.106003396E+00         0.169900297E-02         0.231433311E-01         0.734122053E-01
       0.242000000E+01   121       0.219855495E-02         0.208182776E-01         0.105606958E+00         0.170297821E-02         0.231241157E-01         0.736451169E-01
       0.244000000E+01   122       0.218699686E-02         0.207877652E-01         0.105205963E+00         0.170679701E-02         0.231049653E-01         0.738714378E-01
       0.246000000E+01   123       0.217540215E-02         0.207574181E-01         0.104801191E+00         0.171046275E-02         0.230858796E-01         0.740912966E-01
       0.248000000E+01   124       0.216378734E-02         0.207272340E-01         0.104393444E+00         0.171397880E-02         0.230668582E-01         0.743048223E-01
       0.250000000E+01   125       0.215216735E-02         0.206972106E-01         0.103983449E+00         0.171734853E-02         0.230479011E-01         0.745121443E-01
       0.252000000E+01   126       0.214055471E-02         0.206673457E-01         0.103571825E+00         0.172057528E-02         0.230290078E-01         0.747133920E-01
       0.254000000E+01   127       0.212895788E-02         0.206376372E-01         0.103158993E+00         0.172366241E-02         0.230101781E-01         0.749086948E-01
       0.256000000E+01   128       0.211738807E-02         0.206080829E-01         0.102745514E+00         0.172661322E-02         0.229914117E-01         0.750981819E-01
       0.258000000E+01   129       0.210585555E-02         0.205786805E-01         0.102331903E+00         0.172943102E-02         0.229727084E-01         0.752819823E-01
       0.260000000E+01   130       0.209437111E-02         0.205494281E-01         0.101918706E+00         0.173211911E-02         0.229540677E-01         0.754602248E-01
       0.262000000E+01   131       0.208294645E-02         0.205203234E-01         0.101506512E+00         0.173468075E-02         0.229354895E-01         0.756330377E-01
       0.264000000E+01   132       0.207159295E-02         0.204913644E-01         0.101095901E+00         0.173711917E-02         0.229169734E-01         0.758005489E-01
       0.266000000E+01   133       0.206032427E-02         0.204625492E-01         0.100687566E+00         0.173943760E-02         0.228985191E-01         0.759628860E-01
       0.268000000E+01   134       0.204915446E-02         0.204338756E-01         0.100282222E+00         0.174163925E-02         0.228801263E-01         0.761201765E-01
       0.270000000E+01   135       0.203809419E-02         0.204053418E-01         0.998804241E-01         0.174372731E-02         0.228617945E-01         0.762725473E-01
       0.272000000E+01   136       0.202714948E-02         0.203769457E-01         0.994824987E-01         0.174570488E-02         0.228435236E-01         0.764201228E-01
       0.274000000E+01   137       0.201632772E-02         0.203486857E-01         0.990888430E-01         0.174757503E-02         0.228253131E-01         0.765630257E-01
       0.276000000E+01   138       0.200563695E-02         0.203205597E-01         0.986998871E-01         0.174934081E-02         0.228071627E-01         0.767013780E-01
       0.278000000E+01   139       0.199508474E-02         0.202925660E-01         0.983160402E-01         0.175100513E-02         0.227890721E-01         0.768352972E-01
       0.280000000E+01   140       0.198467407E-02         0.202647030E-01         0.979374864E-01         0.175257091E-02         0.227710409E-01         0.769649010E-01
       0.282000000E+01   141       0.197440978E-02         0.202369688E-01         0.975645021E-01         0.175404107E-02         0.227530687E-01         0.770903078E-01
       0.284000000E+01   142       0.196429797E-02         0.202093618E-01         0.971974270E-01         0.175541852E-02         0.227351553E-01         0.772116354E-01
       0.286000000E+01   143       0.195434437E-02         0.201818805E-01         0.968365844E-01         0.175670612E-02         0.227173002E-01         0.773290007E-01
       0.288000000E+01   144       0.194455778E-02         0.201545232E-01         0.964824503E-01         0.175790670E-02         0.226995032E-01         0.774425190E-01
       0.290000000E+01   145       0.193494246E-02         0.201272885E-01         0.961352776E-01         0.175902305E-02         0.226817638E-01         0.775523045E-01
       0.292000000E+01   146       0.192550407E-02         0.201001748E-01         0.957953892E-01         0.176005791E-02         0.226640816E-01         0.776584702E-01
       0.294000000E+01   147       0.191624252E-02         0.200731809E-01         0.954628232E-01         0.176101399E-02         0.226464565E-01         0.777611277E-01
       0.296000000E+01   148       0.190716092E-02         0.200463052E-01         0.951377771E-01         0.176189398E-02         0.226288879E-01         0.778603874E-01
       0.298000000E+01   149       0.189826156E-02         0.200195466E-01         0.948204071E-01         0.176270049E-02         0.226113755E-01         0.779563583E-01
       0.300000000E+01   150       0.188954578E-02         0.199929036E-01         0.945108233E-01         0.176343611E-02         0.225939190E-01         0.780491472E-01
       0.302000000E+01   151       0.188101420E-02         0.199663751E-01         0.942090986E-01         0.176410335E-02         0.225765181E-01         0.781388582E-01
       0.304000000E+01   152       0.187266698E-02         0.199399599E-01         0.939152834E-01         0.176470465E-02         0.225591723E-01         0.782255940E-01
       0.306000000E+01   153       0.186450412E-02         0.199136568E-01         0.936294189E-01         0.176524246E-02         0.225418814E-01         0.783094555E-01
       0.308000000E+01   154       0.185652557E-02         0.198874648E-01         0.933515456E-01         0.176571914E-02         0.225246449E-01         0.783905429E-01
       0.310000000E+01   155       0.184873140E-02         0.198613827E-01         0.930817068E-01         0.176613707E-02         0.225074625E-01         0.784689551E-01
       0.312000000E+01   156       0.184112171E-02         0.198354096E-01         0.928199493E-01         0.176649852E-02         0.224903340E-01         0.785447881E-01
       0.314000000E+01   157       0.183369665E-02         0.198095444E-01         0.925663214E-01         0.176680568E-02         0.224732589E-01         0.786181341E-01
       0.316000000E+01   158       0.182645638E-02         0.197837863E-01         0.923208710E-01         0.176706071E-02         0.224562369E-01         0.786890837E-01
       0.318000000E+01   159       0.181940103E-02         0.197581343E-01         0.920836455E-01         0.176726570E-02         0.224392677E-01         0.787577259E-01
       0.320000000E+01   160       0.181253058E-02         0.197325876E-01         0.918546831E-01         0.176742272E-02         0.224223510E-01         0.788241482E-01
       0.322000000E+01   161       0.180584482E-02         0.197071453E-01         0.916340135E-01         0.176753379E-02         0.224054863E-01         0.788884366E-01
       0.324000000E+01   162       0.179934338E-02         0.196818066E-01         0.914216575E-01         0.176760089E-02         0.223886735E-01         0.789506750E-01
       0.326000000E+01   163       0.179302462E-02         0.196565708E-01         0.912175700E-01         0.176762594E-02         0.223719121E-01         0.790109457E-01
       0.328000000E+01   164       0.178688863E-02         0.196314372E-01         0.910217940E-01         0.176761082E-02         0.223552019E-01         0.790693292E-01
       0.330000000E+01   165       0.178093164E-02         0.196064049E-01         0.908341761E-01         0.176755738E-02         0.223385426E-01         0.791259041E-01
       0.332000000E+01   166       0.177515490E-02         0.195814734E-01         0.906548172E-01         0.176746738E-02         0.223219337E-01         0.791807469E-01
       0.334000000E+01   167       0.176955519E-02         0.195566421E-01         0.904835901E-01         0.176734259E-02         0.223053751E-01         0.792339328E-01
       0.336000000E+01   168       0.176413012E-02         0.195319102E-01         0.903204088E-01         0.176718469E-02         0.222888664E-01         0.792855347E-01
       0.338000000E+01   169       0.175888224E-02         0.195072773E-01         0.901654403E-01         0.176699532E-02         0.222724072E-01         0.793356239E-01
       0.340000000E+01   170       0.175380503E-02         0.194827426E-01         0.900183850E-01         0.176677611E-02         0.222559975E-01         0.793842700E-01
       0.342000000E+01   171       0.174889791E-02         0.194583058E-01         0.898792487E-01         0.176652861E-02         0.222396367E-01         0.794315407E-01
       0.344000000E+01   172       0.174415965E-02         0.194339662E-01         0.897480026E-01         0.176625433E-02         0.222233246E-01         0.794775020E-01
       0.346000000E+01   173       0.173958764E-02         0.194097234E-01         0.896245458E-01         0.176595476E-02         0.222070611E-01         0.795222182E-01
       0.348000000E+01   174       0.173518179E-02         0.193855768E-01         0.895089067E-01         0.176563132E-02         0.221908456E-01         0.795657519E-01
       0.350000000E+01   175       0.173094030E-02         0.193615261E-01         0.894010259E-01         0.176528541E-02         0.221746781E-01         0.796081640E-01
       0.352000000E+01   176       0.172686288E-02         0.193375707E-01         0.893009213E-01         0.176491838E-02         0.221585582E-01         0.796495137E-01
       0.354000000E+01   177       0.172294867E-02         0.193137103E-01         0.892085799E-01         0.176453154E-02         0.221424856E-01         0.796898585E-01
       0.356000000E+01   178       0.171920348E-02         0.192899444E-01         0.891243355E-01         0.176412616E-02         0.221264601E-01         0.797292545E-01
       0.358000000E+01   179       0.171561812E-02         0.192662727E-01         0.890477440E-01         0.176370348E-02         0.221104814E-01         0.797677559E-01
       0.360000000E+01   180       0.171218827E-02         0.192426946E-01         0.889786123E-01         0.176326468E-02         0.220945492E-01         0.798054154E-01
       0.362000000E+01   181       0.170891091E-02         0.192192100E-01         0.889168133E-01         0.176281092E-02         0.220786634E-01         0.798422844E-01
       0.364000000E+01   182       0.170578250E-02         0.191958184E-01         0.888621921E-01         0.176234332E-02         0.220628236E-01         0.798784123E-01
       0.366000000E+01   183       0.170279962E-02         0.191725194E-01         0.888145987E-01         0.176186295E-02         0.220470295E-01         0.799138472E-01
       0.368000000E+01   184       0.169995924E-02         0.191493128E-01         0.887739031E-01         0.176137087E-02         0.220312811E-01         0.799486358E-01
       0.370000000E+01   185       0.169725859E-02         0.191261981E-01         0.887399876E-01         0.176086808E-02         0.220155779E-01         0.799828232E-01
       0.372000000E+01   186       0.169469505E-02         0.191031752E-01         0.887127419E-01         0.176035555E-02         0.219999199E-01         0.800164530E-01
       0.374000000E+01   187       0.169226623E-02         0.190802437E-01         0.886920660E-01         0.175983424E-02         0.219843066E-01         0.800495675E-01
       0.376000000E+01   188       0.168996994E-02         0.190574032E-01         0.886778707E-01         0.175930503E-02         0.219687380E-01         0.800822075E-01
       0.378000000E+01   189       0.168780432E-02         0.190346536E-01         0.886700834E-01         0.175876882E-02         0.219532137E-01         0.801144124E-01
       0.380000000E+01   190       0.168576798E-02         0.190119945E-01         0.886686549E-01         0.175822643E-02         0.219377336E-01         0.801462203E-01
       0.382000000E+01   191       0.168385983E-02         0.189894256E-01         0.886735522E-01         0.175767869E-02         0.219222974E-01         0.801776680E-01
       0.384000000E+01   192       0.168207990E-02         0.189669468E-01         0.886848012E-01         0.175712636E-02         0.219069050E-01         0.802087910E-01
       0.386000000E+01   193       0.168042566E-02         0.189445576E-01         0.887022910E-01         0.175657021E-02         0.218915560E-01         0.802396234E-01
       0.388000000E+01   194       0.167889179E-02         0.189222579E-01         0.887257641E-01         0.175601095E-02         0.218762504E-01         0.802701981E-01
       0.390000000E+01   195       0.167747521E-02         0.189000475E-01         0.887550793E-01         0.175544927E-02         0.218609878E-01         0.803005468E-01
       0.392000000E+01   196       0.167617294E-02         0.188779260E-01         0.887901000E-01         0.175488584E-02         0.218457681E-01         0.803306998E-01
       0.394000000E+01   197       0.167498221E-02         0.188558933E-01         0.888307006E-01         0.175432128E-02         0.218305911E-01         0.803606863E-01
       0.396000000E+01   198       0.167390014E-02         0.188339491E-01         0.888767475E-01         0.175375621E-02         0.218154565E-01         0.803905343E-01
       0.398000000E+01   199       0.167292392E-02         0.188120931E-01         0.889281115E-01         0.175319119E-02         0.218003642E-01         0.804202706E-01
       0.400000000E+01   200       0.167205086E-02         0.187903253E-01         0.889846679E-01         0.175262679E-02         0.217853140E-01         0.804499208E-01
       0.402000000E+01   201       0.167127811E-02         0.187686453E-01         0.890462834E-01         0.175206352E-02         0.217703057E-01         0.804795092E-01
       0.404000000E+01   202       0.167060320E-02         0.187470529E-01         0.891128440E-01         0.175150189E-02         0.217553391E-01         0.805090593E-01
       0.406000000E+01   203       0.167002359E-02         0.187255480E-01         0.891842308E-01         0.175094237E-02         0.217404141E-01         0.805385932E-01
       0.408000000E+01   204       0.166953771E-02         0.187041303E-01         0.892603763E-01         0.175038540E-02         0.217255303E-01         0.805681324E-01
       0.410000000E+01   205       0.166914254E-02         0.186827996E-01         0.893411360E-01         0.174983143E-02         0.217106877E-01         0.805976969E-01
       0.412000000E+01   206       0.166883922E-02         0.186615558E-01         0.894265859E-01         0.174928086E-02         0.216958861E-01         0.806273063E-01
       0.414000000E+01   207       0.166861877E-02         0.186403986E-01         0.895162603E-01         0.174873407E-02         0.216811253E-01         0.806569788E-01
       0.416000000E+01   208       0.166847776E-02         0.186193278E-01         0.896099887E-01         0.174819143E-02         0.216664051E-01         0.806867321E-01
       0.418000000E+01   209       0.166841318E-02         0.185983434E-01         0.897076231E-01         0.174765328E-02         0.216517254E-01         0.807165826E-01
       0.420000000E+01   210       0.166842158E-02         0.185774450E-01         0.898089904E-01         0.174711996E-02         0.216370860E-01         0.807465459E-01
       0.422000000E+01   211       0.166850077E-02         0.185566325E-01         0.899139845E-01         0.174659174E-02         0.216224867E-01         0.807766364E-01
       0.424000000E+01   212       0.166864756E-02         0.185359058E-01         0.900224450E-01         0.174606892E-02         0.216079273E-01         0.808068675E-01
       0.426000000E+01   213       0.166885985E-02         0.185152647E-01         0.901342690E-01         0.174555174E-02         0.215934078E-01         0.808372518E-01
       0.428000000E+01   214       0.166913404E-02         0.184947090E-01         0.902492730E-01         0.174504044E-02         0.215789279E-01         0.808678007E-01
       0.430000000E+01   215       0.166947292E-02         0.184742385E-01         0.903676175E-01         0.174453523E-02         0.215644875E-01         0.808985249E-01
       0.432000000E+01   216       0.166987194E-02         0.184538532E-01         0.904890663E-01         0.174403631E-02         0.215500864E-01         0.809294346E-01
       0.434000000E+01   217       0.167032705E-02         0.184335528E-01         0.906134087E-01         0.174354386E-02         0.215357245E-01         0.809605389E-01
       0.436000000E+01   218       0.167083624E-02         0.184133372E-01         0.907405445E-01         0.174305806E-02         0.215214016E-01         0.809918467E-01
       0.438000000E+01   219       0.167139940E-02         0.183932063E-01         0.908704755E-01         0.174257906E-02         0.215071176E-01         0.810233658E-01
       0.440000000E+01   220       0.167201467E-02         0.183731599E-01         0.910031089E-01         0.174210700E-02         0.214928723E-01         0.810551037E-01
       0.442000000E+01   221       0.167267781E-02         0.183531978E-01         0.911382217E-01         0.174164200E-02         0.214786657E-01         0.810870670E-01
       0.444000000E+01   222       0.167338852E-02         0.183333200E-01         0.912758039E-01         0.174118419E-02         0.214644974E-01         0.811192618E-01
       0.446000000E+01   223       0.167414365E-02         0.183135263E-01         0.914156899E-01         0.174073365E-02         0.214503675E-01         0.811516935E-01
       0.448000000E+01   224       0.167494255E-02         0.182938166E-01         0.915578518E-01         0.174029048E-02         0.214362758E-01         0.811843668E-01
       0.450000000E+01   225       0.167578248E-02         0.182741908E-01         0.917021443E-01         0.173985473E-02         0.214222221E-01         0.812172857E-01
       0.452000000E+01   226       0.167666293E-02         0.182546487E-01         0.918485452E-01         0.173942647E-02         0.214082063E-01         0.812504538E-01
       0.454000000E+01   227       0.167758469E-02         0.182351902E-01         0.919971037E-01         0.173900575E-02         0.213942282E-01         0.812838738E-01
       0.456000000E+01   228       0.167854286E-02         0.182158152E-01         0.921475565E-01         0.173859258E-02         0.213802878E-01         0.813175482E-01
       0.458000000E+01   229       0.167953666E-02         0.181965237E-01         0.922998640E-01         0.173818700E-02         0.213663849E-01         0.813514786E-01
       0.460000000E+01   230       0.168056227E-02         0.181773153E-01         0.924538214E-01         0.173778902E-02         0.213525194E-01         0.813856663E-01
       0.462000000E+01   231       0.168161493E-02         0.181581902E-01         0.926091706E-01         0.173739862E-02         0.213386911E-01         0.814201121E-01
       0.464000000E+01   232       0.168269209E-02         0.181391481E-01         0.927657724E-01         0.173701581E-02         0.213249000E-01         0.814548163E-01
       0.466000000E+01   233       0.168379175E-02         0.181201890E-01         0.929235201E-01         0.173664056E-02         0.213111459E-01         0.814897787E-01
       0.468000000E+01   234       0.168491195E-02         0.181013127E-01         0.930823073E-01         0.173627285E-02         0.212974286E-01         0.815249989E-01
       0.470000000E+01   235       0.168605076E-02         0.180825192E-01         0.932420279E-01         0.173591263E-02         0.212837482E-01         0.815604759E-01
       0.472000000E+01   236       0.168720627E-02         0.180638084E-01         0.934025778E-01         0.173555987E-02         0.212701044E-01         0.815962084E-01
       0.474000000E+01   237       0.168837772E-02         0.180451801E-01         0.935639163E-01         0.173521451E-02         0.212564971E-01         0.816321947E-01
       0.476000000E+01   238       0.168956318E-02         0.180266342E-01         0.937259365E-01         0.173487649E-02         0.212429262E-01         0.816684327E-01
       0.478000000E+01   239       0.169075951E-02         0.180081708E-01         0.938884649E-01         0.173454575E-02         0.212293917E-01         0.817049202E-01
       0.480000000E+01   240       0.169196954E-02         0.179897896E-01         0.940516582E-01         0.173422222E-02         0.212158933E-01         0.817416545E-01
       0.482000000E+01   241       0.169318662E-02         0.179714906E-01         0.942151463E-01         0.173390582E-02         0.212024311E-01         0.817786325E-01
       0.484000000E+01   242       0.169440973E-02         0.179532737E-01         0.943788726E-01         0.173359647E-02         0.211890048E-01         0.818158512E-01
       0.486000000E+01   243       0.169563688E-02         0.179351388E-01         0.945427245E-01         0.173329407E-02         0.211756144E-01         0.818533070E-01
       0.488000000E+01   244       0.169686676E-02         0.179170858E-01         0.947066273E-01         0.173299854E-02         0.211622598E-01         0.818909961E-01
       0.490000000E+01   245       0.169809752E-02         0.178991146E-01         0.948704762E-01         0.173270977E-02         0.211489408E-01         0.819289147E-01
       0.492000000E+01   246       0.169932743E-02         0.178812251E-01         0.950341724E-01         0.173242767E-02         0.211356574E-01         0.819670585E-01
       0.494000000E+01   247       0.170055493E-02         0.178634172E-01         0.951976271E-01         0.173215213E-02         0.211224095E-01         0.820054231E-01
       0.496000000E+01   248       0.170177853E-02         0.178456908E-01         0.953607537E-01         0.173188304E-02         0.211091969E-01         0.820440041E-01
       0.498000000E+01   249       0.170299670E-02         0.178280459E-01         0.955234637E-01         0.173162029E-02         0.210960196E-01         0.820827967E-01
       0.500000000E+01   250       0.170420789E-02         0.178104823E-01         0.956856677E-01         0.173136376E-02         0.210828775E-01         0.821217959E-01
       0.502000000E+01   251       0.170541058E-02         0.177929999E-01         0.958472764E-01         0.173111334E-02         0.210697704E-01         0.821609968E-01
       0.504000000E+01   252       0.170660317E-02         0.177755986E-01         0.960081967E-01         0.173086890E-02         0.210566983E-01         0.822003941E-01
       0.506000000E+01   253       0.170778566E-02         0.177582784E-01         0.961684245E-01         0.173063032E-02         0.210436610E-01         0.822399827E-01
       0.508000000E+01   254       0.170896042E-02         0.177410390E-01         0.963280910E-01         0.173039748E-02         0.210306586E-01         0.822797569E-01
       0.510000000E+01   255       0.171012256E-02         0.177238805E-01         0.964869156E-01         0.173017024E-02         0.210176908E-01         0.823197114E-01
       0.512000000E+01   256       0.171127074E-02         0.177068026E-01         0.966448192E-01         0.172994849E-02         0.210047577E-01         0.823598404E-01
       0.514000000E+01   257       0.171240249E-02         0.176898053E-01         0.968016587E-01         0.172973209E-02         0.209918590E-01         0.824001382E-01
       0.516000000E+01   258       0.171351729E-02         0.176728884E-01         0.969573990E-01         0.172952090E-02         0.209789948E-01         0.824405991E-01
       0.518000000E+01   259       0.171461678E-02         0.176560519E-01         0.971121285E-01         0.172931480E-02         0.209661649E-01         0.824812171E-01
       0.520000000E+01   260       0.171570087E-02         0.176392955E-01         0.972658383E-01         0.172911365E-02         0.209533693E-01         0.825219863E-01
       0.522000000E+01   261       0.171676266E-02         0.176226192E-01         0.974181327E-01         0.172891732E-02         0.209406078E-01         0.825629007E-01
       0.524000000E+01   262       0.171779926E-02         0.176060229E-01         0.975688416E-01         0.172872567E-02         0.209278803E-01         0.826039541E-01
       0.526000000E+01   263       0.171881000E-02         0.175895063E-01         0.977179219E-01         0.172853856E-02         0.209151869E-01         0.826451404E-01
       0.528000000E+01   264       0.171979462E-02         0.175730694E-01         0.978653523E-01         0.172835586E-02         0.209025274E-01         0.826864535E-01
       0.530000000E+01   265       0.172075103E-02         0.175567119E-01         0.980110076E-01         0.172817743E-02         0.208899017E-01         0.827278872E-01
       0.532000000E+01   266       0.172167762E-02         0.175404338E-01         0.981547908E-01         0.172800313E-02         0.208773097E-01         0.827694351E-01
       0.534000000E+01   267       0.172257372E-02         0.175242349E-01         0.982966578E-01         0.172783282E-02         0.208647513E-01         0.828110911E-01
       0.536000000E+01   268       0.172343888E-02         0.175081150E-01         0.984365751E-01         0.172766638E-02         0.208522266E-01         0.828528489E-01
       0.538000000E+01   269       0.172427235E-02         0.174920740E-01         0.985744945E-01         0.172750365E-02         0.208397353E-01         0.828947021E-01
       0.540000000E+01   270       0.172507332E-02         0.174761116E-01         0.987103627E-01         0.172734450E-02         0.208272774E-01         0.829366444E-01
       0.542000000E+01   271       0.172584116E-02         0.174602278E-01         0.988441375E-01         0.172718880E-02         0.208148529E-01         0.829786696E-01
       0.544000000E+01   272       0.172657543E-02         0.174444222E-01         0.989757876E-01         0.172703641E-02         0.208024616E-01         0.830207714E-01
       0.546000000E+01   273       0.172727578E-02         0.174286948E-01         0.991052858E-01         0.172688719E-02         0.207901035E-01         0.830629435E-01
       0.548000000E+01   274       0.172794188E-02         0.174130453E-01         0.992326073E-01         0.172674101E-02         0.207777785E-01         0.831051795E-01
       0.550000000E+01   275       0.172857351E-02         0.173974735E-01         0.993577320E-01         0.172659773E-02         0.207654864E-01         0.831474734E-01
       0.552000000E+01   276       0.172917045E-02         0.173819792E-01         0.994806423E-01         0.172645722E-02         0.207532274E-01         0.831898188E-01
       0.554000000E+01   277       0.172973341E-02         0.173665622E-01         0.996013710E-01         0.172631936E-02         0.207410011E-01         0.832322097E-01
       0.556000000E+01   278       0.173026191E-02         0.173512223E-01         0.997198862E-01         0.172618400E-02         0.207288077E-01         0.832746400E-01
       0.558000000E+01   279       0.173075732E-02         0.173359592E-01         0.998362590E-01         0.172605102E-02         0.207166469E-01         0.833171034E-01
       0.560000000E+01   280       0.173121674E-02         0.173207728E-01         0.999503176E-01         0.172592029E-02         0.207045188E-01         0.833595942E-01
       0.562000000E+01   281       0.173164179E-02         0.173056627E-01         0.100062148E+00         0.172579168E-02         0.206924232E-01         0.834021062E-01
       0.564000000E+01   282       0.173203023E-02         0.172906288E-01         0.100171616E+00         0.172566508E-02         0.206803601E-01         0.834446337E-01
       0.566000000E+01   283       0.173238256E-02         0.172756707E-01         0.100278744E+00         0.172554035E-02         0.206683294E-01         0.834871708E-01
       0.568000000E+01   284       0.173269810E-02         0.172607882E-01         0.100383486E+00         0.172541738E-02         0.206563310E-01         0.835297118E-01
       0.570000000E+01   285       0.173297911E-02         0.172459811E-01         0.100485968E+00         0.172529604E-02         0.206443649E-01         0.835722510E-01
       0.572000000E+01   286       0.173322392E-02         0.172312491E-01         0.100586086E+00         0.172517623E-02         0.206324309E-01         0.836147828E-01
       0.574000000E+01   287       0.173343253E-02         0.172165919E-01         0.100683836E+00         0.172505782E-02         0.206205291E-01         0.836573018E-01
       0.576000000E+01   288       0.173360679E-02         0.172020093E-01         0.100779320E+00         0.172494070E-02         0.206086592E-01         0.836998025E-01
       0.578000000E+01   289       0.173374612E-02         0.171875008E-01         0.100872496E+00         0.172482477E-02         0.205968213E-01         0.837422796E-01
       0.580000000E+01   290       0.173385120E-02         0.171730664E-01         0.100963402E+00         0.172470990E-02         0.205850152E-01         0.837847280E-01
       0.582000000E+01   291       0.173392147E-02         0.171587055E-01         0.101051998E+00         0.172459600E-02         0.205732410E-01         0.838271425E-01
       0.584000000E+01   292       0.173395829E-02         0.171444180E-01         0.101138358E+00         0.172448296E-02         0.205614984E-01         0.838695180E-01
       0.586000000E+01   293       0.173396250E-02         0.171302036E-01         0.101222527E+00         0.172437068E-02         0.205497875E-01         0.839118497E-01
       0.588000000E+01   294       0.173393510E-02         0.171160618E-01         0.101304560E+00         0.172425906E-02         0.205381082E-01         0.839541327E-01
       0.590000000E+01   295       0.173387573E-02         0.171019924E-01         0.101384429E+00         0.172414800E-02         0.205264603E-01         0.839963624E-01
       0.592000000E+01   296       0.173378388E-02         0.170879951E-01         0.101462100E+00         0.172403741E-02         0.205148439E-01         0.840385341E-01
       0.594000000E+01   297       0.173366016E-02         0.170740695E-01         0.101537607E+00         0.172392719E-02         0.205032588E-01         0.840806434E-01
       0.596000000E+01   298       0.173350699E-02         0.170602154E-01         0.101611085E+00         0.172381726E-02         0.204917050E-01         0.841226859E-01
       0.598000000E+01   299       0.173332408E-02         0.170464322E-01         0.101682514E+00         0.172370753E-02         0.204801823E-01         0.841646574E-01
       0.600000000E+01   300       0.173311060E-02         0.170327198E-01         0.101751841E+00         0.172359791E-02         0.204686908E-01         0.842065536E-01
       0.602000000E+01   301       0.173286805E-02         0.170190777E-01         0.101819152E+00         0.172348832E-02         0.204572303E-01         0.842483706E-01
       0.604000000E+01   302       0.173259717E-02         0.170055056E-01         0.101884484E+00         0.172337868E-02         0.204458007E-01         0.842901046E-01
       0.606000000E+01   303       0.173229850E-02         0.169920031E-01         0.101947869E+00         0.172326892E-02         0.204344020E-01         0.843317516E-01
       0.608000000E+01   304       0.173197270E-02         0.169785699E-01         0.102009340E+00         0.172315896E-02         0.204230342E-01         0.843733082E-01
       0.610000000E+01   305       0.173162008E-02         0.169652056E-01         0.102068912E+00         0.172304872E-02         0.204116970E-01         0.844147707E-01
       0.612000000E+01   306       0.173124104E-02         0.169519098E-01         0.102126608E+00         0.172293815E-02         0.204003905E-01         0.844561358E-01
       0.614000000E+01   307       0.173083628E-02         0.169386821E-01         0.102182465E+00         0.172282718E-02         0.203891146E-01         0.844974002E-01
       0.616000000E+01   308       0.173040663E-02         0.169255222E-01         0.102236528E+00         0.172271573E-02         0.203778692E-01         0.845385607E-01
       0.618000000E+01   309       0.172995284E-02         0.169124296E-01         0.102288842E+00         0.172260376E-02         0.203666542E-01         0.845796144E-01
       0.620000000E+01   310       0.172947551E-02         0.168994040E-01         0.102339438E+00         0.172249119E-02         0.203554695E-01         0.846205584E-01
       0.622000000E+01   311       0.172897524E-02         0.168864450E-01         0.102388350E+00         0.172237799E-02         0.203443151E-01         0.846613898E-01
       0.624000000E+01   312       0.172845277E-02         0.168735522E-01         0.102435619E+00         0.172226409E-02         0.203331908E-01         0.847021062E-01
       0.626000000E+01   313       0.172791048E-02         0.168607252E-01         0.102481386E+00         0.172214944E-02         0.203220967E-01         0.847427048E-01
       0.628000000E+01   314       0.172734781E-02         0.168479636E-01         0.102525614E+00         0.172203400E-02         0.203110326E-01         0.847831835E-01
       0.630000000E+01   315       0.172676478E-02         0.168352669E-01         0.102568305E+00         0.172191772E-02         0.202999984E-01         0.848235399E-01
       0.632000000E+01   316       0.172616250E-02         0.168226348E-01         0.102609521E+00         0.172180056E-02         0.202889941E-01         0.848637719E-01
       0.634000000E+01   317       0.172554471E-02         0.168100669E-01         0.102649485E+00         0.172168249E-02         0.202780195E-01         0.849038774E-01
       0.636000000E+01   318       0.172491009E-02         0.167975627E-01         0.102688117E+00         0.172156345E-02         0.202670747E-01         0.849438547E-01
       0.638000000E+01   319       0.172425856E-02         0.167851219E-01         0.102725412E+00         0.172144342E-02         0.202561595E-01         0.849837019E-01
       0.640000000E+01   320       0.172359087E-02         0.167727440E-01         0.102761413E+00         0.172132237E-02         0.202452738E-01         0.850234175E-01
       0.642000000E+01   321       0.172290853E-02         0.167604286E-01         0.102796209E+00         0.172120026E-02         0.202344176E-01         0.850629998E-01
       0.644000000E+01   322       0.172221232E-02         0.167481753E-01         0.102829848E+00         0.172107707E-02         0.202235908E-01         0.851024474E-01
       0.646000000E+01   323       0.172150245E-02         0.167359837E-01         0.102862341E+00         0.172095277E-02         0.202127932E-01         0.851417592E-01
       0.648000000E+01   324       0.172077915E-02         0.167238533E-01         0.102893700E+00         0.172082735E-02         0.202020249E-01         0.851809339E-01
       0.650000000E+01   325       0.172004321E-02         0.167117837E-01         0.102923975E+00         0.172070077E-02         0.201912857E-01         0.852199704E-01
       0.652000000E+01   326       0.171929570E-02         0.166997746E-01         0.102953228E+00         0.172057302E-02         0.201805755E-01         0.852588678E-01
       0.654000000E+01   327       0.171853759E-02         0.166878254E-01         0.102981518E+00         0.172044409E-02         0.201698943E-01         0.852976253E-01
       0.656000000E+01   328       0.171776951E-02         0.166759358E-01         0.103008882E+00         0.172031396E-02         0.201592420E-01         0.853362420E-01
       0.658000000E+01   329       0.171699202E-02         0.166641053E-01         0.103035356E+00         0.172018261E-02         0.201486185E-01         0.853747174E-01
       0.660000000E+01   330       0.171620598E-02         0.166523336E-01         0.103060990E+00         0.172005004E-02         0.201380237E-01         0.854130510E-01
       0.662000000E+01   331       0.171541221E-02         0.166406201E-01         0.103085835E+00         0.171991625E-02         0.201274575E-01         0.854512421E-01
       0.664000000E+01   332       0.171461151E-02         0.166289645E-01         0.103109939E+00         0.171978121E-02         0.201169199E-01         0.854892906E-01
       0.666000000E+01   333       0.171380442E-02         0.166173663E-01         0.103133336E+00         0.171964493E-02         0.201064107E-01         0.855271961E-01
       0.668000000E+01   334       0.171299153E-02         0.166058251E-01         0.103156062E+00         0.171950741E-02         0.200959299E-01         0.855649585E-01
       0.670000000E+01   335       0.171217346E-02         0.165943406E-01         0.103178156E+00         0.171936864E-02         0.200854774E-01         0.856025777E-01
       0.672000000E+01   336       0.171135091E-02         0.165829122E-01         0.103199660E+00         0.171922863E-02         0.200750531E-01         0.856400536E-01
       0.674000000E+01   337       0.171052452E-02         0.165715396E-01         0.103220616E+00         0.171908737E-02         0.200646569E-01         0.856773865E-01
       0.676000000E+01   338       0.170969492E-02         0.165602223E-01         0.103241061E+00         0.171894487E-02         0.200542888E-01         0.857145763E-01
       0.678000000E+01   339       0.170886263E-02         0.165489599E-01         0.103261029E+00         0.171880113E-02         0.200439486E-01         0.857516234E-01
       0.680000000E+01   340       0.170802823E-02         0.165377520E-01         0.103280556E+00         0.171865617E-02         0.200336362E-01         0.857885282E-01
       0.682000000E+01   341       0.170719237E-02         0.165265982E-01         0.103299684E+00         0.171850998E-02         0.200233517E-01         0.858252909E-01
       0.684000000E+01   342       0.170635578E-02         0.165154981E-01         0.103318457E+00         0.171836259E-02         0.200130948E-01         0.858619121E-01
       0.686000000E+01   343       0.170551928E-02         0.165044513E-01         0.103336927E+00         0.171821399E-02         0.200028655E-01         0.858983922E-01
       0.688000000E+01   344       0.170468387E-02         0.164934573E-01         0.103355157E+00         0.171806420E-02         0.199926637E-01         0.859347320E-01
       0.690000000E+01   345       0.170385014E-02         0.164825157E-01         0.103373184E+00         0.171791324E-02         0.199824894E-01         0.859709320E-01
       0.692000000E+01   346       0.170301834E-02         0.164716262E-01         0.103391027E+00         0.171776111E-02         0.199723424E-01         0.860069931E-01
       0.694000000E+01   347       0.170218924E-02         0.164607883E-01         0.103408732E+00         0.171760784E-02         0.199622226E-01         0.860429159E-01
       0.696000000E+01   348       0.170136366E-02         0.164500016E-01         0.103426352E+00         0.171745344E-02         0.199521301E-01         0.860787012E-01
       0.698000000E+01   349       0.170054178E-02         0.164392658E-01         0.103443900E+00         0.171729793E-02         0.199420645E-01         0.861143501E-01
       0.700000000E+01   350       0.169972358E-02         0.164285804E-01         0.103461379E+00         0.171714132E-02         0.199320260E-01         0.861498635E-01
       0.702000000E+01   351       0.169890972E-02         0.164179451E-01         0.103478828E+00         0.171698364E-02         0.199220144E-01         0.861852422E-01
       0.704000000E+01   352       0.169810107E-02         0.164073594E-01         0.103496305E+00         0.171682490E-02         0.199120296E-01         0.862204874E-01
       0.706000000E+01   353       0.169729735E-02         0.163968230E-01         0.103513794E+00         0.171666512E-02         0.199020715E-01         0.862556002E-01
       0.708000000E+01   354       0.169649900E-02         0.163863355E-01         0.103531324E+00         0.171650433E-02         0.198921400E-01         0.862905817E-01
       0.710000000E+01   355       0.169570711E-02         0.163758964E-01         0.103548964E+00         0.171634255E-02         0.198822351E-01         0.863254329E-01
       0.712000000E+01   356       0.169492133E-02         0.163655055E-01         0.103566696E+00         0.171617981E-02         0.198723567E-01         0.863601552E-01
       0.714000000E+01   357       0.169414310E-02         0.163551623E-01         0.103584609E+00         0.171601611E-02         0.198625046E-01         0.863947498E-01
       0.716000000E+01   358       0.169337182E-02         0.163448665E-01         0.103602671E+00         0.171585150E-02         0.198526788E-01         0.864292178E-01
       0.718000000E+01   359       0.169260960E-02         0.163346177E-01         0.103621011E+00         0.171568598E-02         0.198428792E-01         0.864635606E-01
       0.720000000E+01   360       0.169185457E-02         0.163244156E-01         0.103639518E+00         0.171551960E-02         0.198331056E-01         0.864977795E-01
       0.722000000E+01   361       0.169110884E-02         0.163142597E-01         0.103658325E+00         0.171535236E-02         0.198233582E-01         0.865318758E-01
       0.724000000E+01   362       0.169037106E-02         0.163041497E-01         0.103677351E+00         0.171518431E-02         0.198136366E-01         0.865658508E-01
       0.726000000E+01   363       0.168964207E-02         0.162940853E-01         0.103696651E+00         0.171501546E-02         0.198039408E-01         0.865997060E-01
       0.728000000E+01   364       0.168892248E-02         0.162840661E-01         0.103716263E+00         0.171484583E-02         0.197942709E-01         0.866334429E-01
       0.730000000E+01   365       0.168821209E-02         0.162740918E-01         0.103736179E+00         0.171467547E-02         0.197846265E-01         0.866670628E-01
       0.732000000E+01   366       0.168751137E-02         0.162641620E-01         0.103756429E+00         0.171450439E-02         0.197750078E-01         0.867005672E-01
       0.734000000E+01   367       0.168682039E-02         0.162542763E-01         0.103777022E+00         0.171433263E-02         0.197654145E-01         0.867339577E-01
       0.736000000E+01   368       0.168613934E-02         0.162444346E-01         0.103797971E+00         0.171416020E-02         0.197558466E-01         0.867672357E-01
       0.738000000E+01   369       0.168546854E-02         0.162346363E-01         0.103819298E+00         0.171398714E-02         0.197463041E-01         0.868004026E-01
       0.740000000E+01   370       0.168480817E-02         0.162248812E-01         0.103841018E+00         0.171381348E-02         0.197367867E-01         0.868334599E-01
       0.742000000E+01   371       0.168415843E-02         0.162151689E-01         0.103863144E+00         0.171363923E-02         0.197272945E-01         0.868664089E-01
       0.744000000E+01   372       0.168351950E-02         0.162054992E-01         0.103885692E+00         0.171346442E-02         0.197178273E-01         0.868992510E-01
       0.746000000E+01   373       0.168289154E-02         0.161958717E-01         0.103908673E+00         0.171328908E-02         0.197083850E-01         0.869319875E-01
       0.748000000E+01   374       0.168227477E-02         0.161862862E-01         0.103932103E+00         0.171311323E-02         0.196989677E-01         0.869646196E-01
       0.750000000E+01   375       0.168166937E-02         0.161767422E-01         0.103955997E+00         0.171293689E-02         0.196895751E-01         0.869971488E-01
       0.752000000E+01   376       0.168107552E-02         0.161672395E-01         0.103980369E+00         0.171276009E-02         0.196802071E-01         0.870295762E-01
       0.754000000E+01   377       0.168049342E-02         0.161577778E-01         0.104005231E+00         0.171258285E-02         0.196708638E-01         0.870619034E-01
       0.756000000E+01   378       0.167992322E-02         0.161483568E-01         0.104030598E+00         0.171240519E-02         0.196615450E-01         0.870941317E-01
       0.758000000E+01   379       0.167936507E-02         0.161389762E-01         0.104056481E+00         0.171222715E-02         0.196522506E-01         0.871262626E-01
       0.760000000E+01   380       0.167881912E-02         0.161296357E-01         0.104082891E+00         0.171204875E-02         0.196429806E-01         0.871582976E-01
       0.762000000E+01   381       0.167828548E-02         0.161203350E-01         0.104109838E+00         0.171187002E-02         0.196337348E-01         0.871902385E-01
       0.764000000E+01   382       0.167776423E-02         0.161110739E-01         0.104137331E+00         0.171169100E-02         0.196245132E-01         0.872220871E-01
       0.766000000E+01   383       0.167725544E-02         0.161018521E-01         0.104165374E+00         0.171151172E-02         0.196153156E-01         0.872538455E-01
       0.768000000E+01   384       0.167675914E-02         0.160926692E-01         0.104193973E+00         0.171133223E-02         0.196061421E-01         0.872855160E-01
       0.770000000E+01   385       0.167627531E-02         0.160835251E-01         0.104223129E+00         0.171115257E-02         0.195969924E-01         0.873171010E-01
       0.772000000E+01   386       0.167580392E-02         0.160744195E-01         0.104252843E+00         0.171097276E-02         0.195878666E-01         0.873486018E-01
       0.774000000E+01   387       0.167534494E-02         0.160653520E-01         0.104283114E+00         0.171079281E-02         0.195787645E-01         0.873800191E-01
       0.776000000E+01   388       0.167489828E-02         0.160563225E-01         0.104313941E+00         0.171061274E-02         0.195696860E-01         0.874113533E-01
       0.778000000E+01   389       0.167446388E-02         0.160473307E-01         0.104345321E+00         0.171043254E-02         0.195606311E-01         0.874426051E-01
       0.780000000E+01   390       0.167404164E-02         0.160383764E-01         0.104377251E+00         0.171025224E-02         0.195515997E-01         0.874737751E-01
       0.782000000E+01   391       0.167363147E-02         0.160294592E-01         0.104409728E+00         0.171007184E-02         0.195425917E-01         0.875048646E-01
       0.784000000E+01   392       0.167323328E-02         0.160205790E-01         0.104442747E+00         0.170989137E-02         0.195336070E-01         0.875358745E-01
       0.786000000E+01   393       0.167284698E-02         0.160117355E-01         0.104476306E+00         0.170971084E-02         0.195246454E-01         0.875668062E-01
       0.788000000E+01   394       0.167247246E-02         0.160029285E-01         0.104510400E+00         0.170953029E-02         0.195157071E-01         0.875976607E-01
       0.790000000E+01   395       0.167210962E-02         0.159941578E-01         0.104545024E+00         0.170934972E-02         0.195067918E-01         0.876284393E-01
       0.792000000E+01   396       0.167175834E-02         0.159854231E-01         0.104580175E+00         0.170916916E-02         0.194978994E-01         0.876591433E-01
       0.794000000E+01   397       0.167141852E-02         0.159767243E-01         0.104615846E+00         0.170898863E-02         0.194890300E-01         0.876897739E-01
       0.796000000E+01   398       0.167109004E-02         0.159680610E-01         0.104652032E+00         0.170880815E-02         0.194801833E-01         0.877203323E-01
       0.798000000E+01   399       0.167077276E-02         0.159594331E-01         0.104688728E+00         0.170862775E-02         0.194713594E-01         0.877508198E-01
       0.800000000E+01   400       0.167046656E-02         0.159508404E-01         0.104725928E+00         0.170844743E-02         0.194625581E-01         0.877812375E-01
       0.802000000E+01   401       0.167017130E-02         0.159422826E-01         0.104763624E+00         0.170826723E-02         0.194537793E-01         0.878115868E-01
       0.804000000E+01   402       0.166988683E-02         0.159337596E-01         0.104801809E+00         0.170808717E-02         0.194450231E-01         0.878418689E-01
       0.806000000E+01   403       0.166961302E-02         0.159252712E-01         0.104840477E+00         0.170790726E-02         0.194362892E-01         0.878720851E-01
       0.808000000E+01   404       0.166934971E-02         0.159168171E-01         0.104879619E+00         0.170772753E-02         0.194275776E-01         0.879022370E-01
       0.810000000E+01   405       0.166909674E-02         0.159083972E-01         0.104919228E+00         0.170754803E-02         0.194188883E-01         0.879323265E-01
       0.812000000E+01   406       0.166885397E-02         0.159000113E-01         0.104959295E+00         0.170736878E-02         0.194102211E-01         0.879623559E-01
       0.814000000E+01   407       0.166862122E-02         0.158916591E-01         0.104999812E+00         0.170718984E-02         0.194015760E-01         0.879923279E-01
       0.816000000E+01   408       0.166839834E-02         0.158833406E-01         0.105040771E+00         0.170701122E-02         0.193929529E-01         0.880222436E-01
       0.818000000E+01   409       0.166818515E-02         0.158750555E-01         0.105082162E+00         0.170683293E-02         0.193843516E-01         0.880521029E-01
       0.820000000E+01   410       0.166798150E-02         0.158668036E-01         0.105123977E+00         0.170665494E-02         0.193757723E-01         0.880819052E-01
       0.822000000E+01   411       0.166778721E-02         0.158585849E-01         0.105166206E+00         0.170647725E-02         0.193672146E-01         0.881116506E-01
       0.824000000E+01   412       0.166760211E-02         0.158503990E-01         0.105208841E+00         0.170629986E-02         0.193586787E-01         0.881413393E-01
       0.826000000E+01   413       0.166742602E-02         0.158422459E-01         0.105251871E+00         0.170612279E-02         0.193501643E-01         0.881709720E-01
       0.828000000E+01   414       0.166725878E-02         0.158341254E-01         0.105295287E+00         0.170594605E-02         0.193416715E-01         0.882005494E-01
       0.830000000E+01   415       0.166710020E-02         0.158260372E-01         0.105339080E+00         0.170576964E-02         0.193332000E-01         0.882300723E-01
       0.832000000E+01   416       0.166695010E-02         0.158179814E-01         0.105383239E+00         0.170559358E-02         0.193247500E-01         0.882595415E-01
       0.834000000E+01   417       0.166680832E-02         0.158099576E-01         0.105427754E+00         0.170541787E-02         0.193163212E-01         0.882889578E-01
       0.836000000E+01   418       0.166667465E-02         0.158019658E-01         0.105472615E+00         0.170524254E-02         0.193079137E-01         0.883183219E-01
       0.838000000E+01   419       0.166654893E-02         0.157940057E-01         0.105517812E+00         0.170506758E-02         0.192995273E-01         0.883476346E-01
       0.840000000E+01   420       0.166643097E-02         0.157860774E-01         0.105563335E+00         0.170489303E-02         0.192911619E-01         0.883768967E-01
       0.842000000E+01   421       0.166632059E-02         0.157781805E-01         0.105609173E+00         0.170471887E-02         0.192828175E-01         0.884061090E-01
       0.844000000E+01   422       0.166621759E-02         0.157703150E-01         0.105655315E+00         0.170454513E-02         0.192744941E-01         0.884352722E-01
       0.846000000E+01   423       0.166612178E-02         0.157624806E-01         0.105701750E+00         0.170437182E-02         0.192661915E-01         0.884643870E-01
       0.848000000E+01   424       0.166603298E-02         0.157546774E-01         0.105748467E+00         0.170419894E-02         0.192579096E-01         0.884934543E-01
       0.850000000E+01   425       0.166595099E-02         0.157469051E-01         0.105795455E+00         0.170402651E-02         0.192496484E-01         0.885224747E-01
       0.852000000E+01   426       0.166587561E-02         0.157391637E-01         0.105842702E+00         0.170385454E-02         0.192414078E-01         0.885514489E-01
       0.854000000E+01   427       0.166580667E-02         0.157314529E-01         0.105890199E+00         0.170368304E-02         0.192331878E-01         0.885803777E-01
       0.856000000E+01   428       0.166574397E-02         0.157237726E-01         0.105937933E+00         0.170351201E-02         0.192249882E-01         0.886092618E-01
       0.858000000E+01   429       0.166568733E-02         0.157161228E-01         0.105985894E+00         0.170334147E-02         0.192168090E-01         0.886381017E-01
       0.860000000E+01   430       0.166563658E-02         0.157085033E-01         0.106034073E+00         0.170317143E-02         0.192086502E-01         0.886668981E-01
       0.862000000E+01   431       0.166559154E-02         0.157009139E-01         0.106082458E+00         0.170300188E-02         0.192005116E-01         0.886956515E-01
       0.864000000E+01   432       0.166555205E-02         0.156933546E-01         0.106131040E+00         0.170283284E-02         0.191923932E-01         0.887243622E-01
       0.866000000E+01   433       0.166551790E-02         0.156858253E-01         0.106179807E+00         0.170266431E-02         0.191842949E-01         0.887530308E-01
       0.868000000E+01   434       0.166548889E-02         0.156783257E-01         0.106228747E+00         0.170249629E-02         0.191762166E-01         0.887816575E-01
       0.870000000E+01   435       0.166546480E-02         0.156708559E-01         0.106277845E+00         0.170232879E-02         0.191681583E-01         0.888102426E-01
       0.872000000E+01   436       0.166544542E-02         0.156634156E-01         0.106327091E+00         0.170216180E-02         0.191601199E-01         0.888387863E-01
       0.874000000E+01   437       0.166543055E-02         0.156560048E-01         0.106376471E+00         0.170199532E-02         0.191521013E-01         0.888672889E-01
       0.876000000E+01   438       0.166542000E-02         0.156486234E-01         0.106425975E+00         0.170182936E-02         0.191441025E-01         0.888957507E-01
       0.878000000E+01   439       0.166541360E-02         0.156412712E-01         0.106475591E+00         0.170166393E-02         0.191361234E-01         0.889241719E-01
       0.880000000E+01   440       0.166541168E-02         0.156339482E-01         0.106525342E+00         0.170149901E-02         0.191281639E-01         0.889525526E-01
       0.882000000E+01   441       0.166541404E-02         0.156266543E-01         0.106575215E+00         0.170133461E-02         0.191202240E-01         0.889808932E-01
       0.884000000E+01   442       0.166542003E-02         0.156193892E-01         0.106625170E+00         0.170117073E-02         0.191123035E-01         0.890091938E-01
       0.886000000E+01   443       0.166542950E-02         0.156121530E-01         0.106675197E+00         0.170100738E-02         0.191044025E-01         0.890374548E-01
       0.888000000E+01   444       0.166544225E-02         0.156049456E-01         0.106725284E+00         0.170084454E-02         0.190965209E-01         0.890656763E-01
       0.890000000E+01   445       0.166545808E-02         0.155977667E-01         0.106775419E+00         0.170068224E-02         0.190886585E-01         0.890938584E-01
       0.892000000E+01   446       0.166547680E-02         0.155906164E-01         0.106825590E+00         0.170052045E-02         0.190808153E-01         0.891220015E-01
       0.894000000E+01   447       0.166549818E-02         0.155834945E-01         0.106875783E+00         0.170035920E-02         0.190729914E-01         0.891501057E-01
       0.896000000E+01   448       0.166552203E-02         0.155764010E-01         0.106925986E+00         0.170019846E-02         0.190651865E-01         0.891781711E-01
       0.898000000E+01   449       0.166554815E-02         0.155693357E-01         0.106976186E+00         0.170003825E-02         0.190574006E-01         0.892061979E-01
       0.900000000E+01   450       0.166557635E-02         0.155622986E-01         0.107026372E+00         0.169987856E-02         0.190496337E-01         0.892341862E-01
       0.902000000E+01   451       0.166560644E-02         0.155552894E-01         0.107076532E+00         0.169971940E-02         0.190418857E-01         0.892621361E-01
       0.904000000E+01   452       0.166563824E-02         0.155483083E-01         0.107126654E+00         0.169956075E-02         0.190341566E-01         0.892900477E-01
       0.906000000E+01   453       0.166567157E-02         0.155413550E-01         0.107176727E+00         0.169940262E-02         0.190264462E-01         0.893179210E-01
       0.908000000E+01   454       0.166570625E-02         0.155344295E-01         0.107226741E+00         0.169924500E-02         0.190187545E-01         0.893457561E-01
       0.910000000E+01   455       0.166574212E-02         0.155275317E-01         0.107276685E+00         0.169908790E-02         0.190110815E-01         0.893735531E-01
       0.912000000E+01   456       0.166577901E-02         0.155206614E-01         0.107326548E+00         0.169893131E-02         0.190034271E-01         0.894013118E-01
       0.914000000E+01   457       0.166581676E-02         0.155138187E-01         0.107376320E+00         0.169877522E-02         0.189957912E-01         0.894290323E-01
       0.916000000E+01   458       0.166585520E-02         0.155070034E-01         0.107425991E+00         0.169861964E-02         0.189881737E-01         0.894567146E-01
       0.918000000E+01   459       0.166589419E-02         0.155002154E-01         0.107475551E+00         0.169846455E-02         0.189805747E-01         0.894843586E-01
       0.920000000E+01   460       0.166593357E-02         0.154934546E-01         0.107524991E+00         0.169830996E-02         0.189729940E-01         0.895119643E-01
       0.922000000E+01   461       0.166597320E-02         0.154867210E-01         0.107574302E+00         0.169815586E-02         0.189654316E-01         0.895395317E-01
       0.924000000E+01   462       0.166601292E-02         0.154800144E-01         0.107623473E+00         0.169800225E-02         0.189578874E-01         0.895670606E-01
       0.926000000E+01   463       0.166605260E-02         0.154733349E-01         0.107672497E+00         0.169784912E-02         0.189503614E-01         0.895945511E-01
       0.928000000E+01   464       0.166609211E-02         0.154666822E-01         0.107721364E+00         0.169769647E-02         0.189428534E-01         0.896220029E-01
       0.930000000E+01   465       0.166613130E-02         0.154600563E-01         0.107770067E+00         0.169754429E-02         0.189353636E-01         0.896494161E-01
       0.932000000E+01   466       0.166617005E-02         0.154534571E-01         0.107818596E+00         0.169739257E-02         0.189278916E-01         0.896767904E-01
       0.934000000E+01   467       0.166620824E-02         0.154468846E-01         0.107866944E+00         0.169724132E-02         0.189204377E-01         0.897041259E-01
       0.936000000E+01   468       0.166624574E-02         0.154403386E-01         0.107915103E+00         0.169709053E-02         0.189130016E-01         0.897314224E-01
       0.938000000E+01   469       0.166628243E-02         0.154338191E-01         0.107963066E+00         0.169694019E-02         0.189055833E-01         0.897586798E-01
       0.940000000E+01   470       0.166631820E-02         0.154273260E-01         0.108010824E+00         0.169679030E-02         0.188981827E-01         0.897858979E-01
       0.942000000E+01   471       0.166635293E-02         0.154208592E-01         0.108058372E+00         0.169664085E-02         0.188907999E-01         0.898130765E-01
       0.944000000E+01   472       0.166638652E-02         0.154144185E-01         0.108105701E+00         0.169649184E-02         0.188834346E-01         0.898402157E-01
       0.946000000E+01   473       0.166641886E-02         0.154080041E-01         0.108152805E+00         0.169634326E-02         0.188760870E-01         0.898673151E-01
       0.948000000E+01   474       0.166644986E-02         0.154016156E-01         0.108199678E+00         0.169619510E-02         0.188687569E-01         0.898943746E-01
       0.950000000E+01   475       0.166647941E-02         0.153952532E-01         0.108246314E+00         0.169604737E-02         0.188614443E-01         0.899213942E-01
       0.952000000E+01   476       0.166650742E-02         0.153889166E-01         0.108292706E+00         0.169590004E-02         0.188541490E-01         0.899483736E-01
       0.954000000E+01   477       0.166653380E-02         0.153826058E-01         0.108338849E+00         0.169575312E-02         0.188468712E-01         0.899753126E-01
       0.956000000E+01   478       0.166655846E-02         0.153763207E-01         0.108384736E+00         0.169560661E-02         0.188396106E-01         0.900022110E-01
       0.958000000E+01   479       0.166658133E-02         0.153700613E-01         0.108430363E+00         0.169546049E-02         0.188323673E-01         0.900290688E-01
       0.960000000E+01   480       0.166660232E-02         0.153638274E-01         0.108475725E+00         0.169531476E-02         0.188251412E-01         0.900558857E-01
       0.962000000E+01   481       0.166662136E-02         0.153576190E-01         0.108520817E+00         0.169516942E-02         0.188179322E-01         0.900826615E-01
       0.964000000E+01   482       0.166663838E-02         0.153514359E-01         0.108565634E+00         0.169502445E-02         0.188107403E-01         0.901093961E-01
       0.966000000E+01   483       0.166665331E-02         0.153452782E-01         0.108610172E+00         0.169487985E-02         0.188035654E-01         0.901360892E-01
       0.968000000E+01   484       0.166666609E-02         0.153391457E-01         0.108654427E+00         0.169473562E-02         0.187964075E-01         0.901627407E-01
       0.970000000E+01   485       0.166667666E-02         0.153330383E-01         0.108698396E+00         0.169459174E-02         0.187892665E-01         0.901893504E-01
       0.972000000E+01   486       0.166668497E-02         0.153269560E-01         0.108742073E+00         0.169444823E-02         0.187821425E-01         0.902159181E-01
       0.974000000E+01   487       0.166669096E-02         0.153208986E-01         0.108785457E+00         0.169430505E-02         0.187750352E-01         0.902424436E-01
       0.976000000E+01   488       0.166669459E-02         0.153148661E-01         0.108828545E+00         0.169416222E-02         0.187679447E-01         0.902689267E-01
       0.978000000E+01   489       0.166669581E-02         0.153088584E-01         0.108871332E+00         0.169401972E-02         0.187608709E-01         0.902953672E-01
       0.980000000E+01   490       0.166669459E-02         0.153028755E-01         0.108913818E+00         0.169387756E-02         0.187538137E-01         0.903217650E-01
       0.982000000E+01   491       0.166669089E-02         0.152969171E-01         0.108955999E+00         0.169373571E-02         0.187467732E-01         0.903481198E-01
       0.984000000E+01   492       0.166668467E-02         0.152909833E-01         0.108997873E+00         0.169359418E-02         0.187397492E-01         0.903744315E-01
       0.986000000E+01   493       0.166667590E-02         0.152850740E-01         0.109039439E+00         0.169345297E-02         0.187327418E-01         0.904006998E-01
       0.988000000E+01   494       0.166666455E-02         0.152791891E-01         0.109080694E+00         0.169331206E-02         0.187257508E-01         0.904269246E-01
       0.990000000E+01   495       0.166665059E-02         0.152733284E-01         0.109121636E+00         0.169317144E-02         0.187187762E-01         0.904531057E-01
       0.992000000E+01   496       0.166663399E-02         0.152674920E-01         0.109162264E+00         0.169303113E-02         0.187118180E-01         0.904792430E-01
       0.994000000E+01   497       0.166661474E-02         0.152616797E-01         0.109202576E+00         0.169289109E-02         0.187048760E-01         0.905053362E-01
       0.996000000E+01   498       0.166659281E-02         0.152558914E-01         0.109242571E+00         0.169275135E-02         0.186979504E-01         0.905313851E-01
       0.998000000E+01   499       0.166656817E-02         0.152501271E-01         0.109282248E+00         0.169261187E-02         0.186910409E-01         0.905573897E-01
       0.100000000E+02   500       0.166654080E-02         0.152443866E-01         0.109321604E+00         0.169247267E-02         0.186841476E-01         0.905833496E-01
