#t, Kinetic energy, Poloidal/Toroidal, En_r, En_t, En_z
       0.200000000E-01         0.763937420E-01         0.108801363E-01         0.157202460E-05         0.763846998E-01         0.747019501E-05
       0.400000000E-01         0.757480100E-01         0.119618131E-01         0.131022628E-05         0.757371732E-01         0.952662507E-05
       0.600000000E-01         0.751527024E-01         0.135141456E-01         0.220093409E-05         0.751389796E-01         0.115218579E-04
       0.800000000E-01         0.746430187E-01         0.124887779E-01         0.365211476E-05         0.746313785E-01         0.798810941E-05
       0.100000000E+00         0.742063480E-01         0.122480897E-01         0.561359032E-05         0.741952176E-01         0.551685732E-05
       0.120000000E+00         0.738204910E-01         0.128294780E-01         0.809630445E-05         0.738083424E-01         0.405221701E-05
       0.140000000E+00         0.734703500E-01         0.139599119E-01         0.110660940E-04         0.734560349E-01         0.324895500E-05
       0.160000000E+00         0.731461716E-01         0.153886119E-01         0.144916169E-04         0.731288540E-01         0.282598144E-05
       0.180000000E+00         0.728418179E-01         0.169694194E-01         0.183636697E-04         0.728208483E-01         0.260590887E-05
       0.200000000E+00         0.725533080E-01         0.186364050E-01         0.226907290E-04         0.725281178E-01         0.249941706E-05
       0.220000000E+00         0.722778718E-01         0.203625859E-01         0.274901523E-04         0.722479153E-01         0.246635505E-05
       0.240000000E+00         0.720134377E-01         0.221362507E-01         0.327815710E-04         0.719781674E-01         0.248870953E-05
       0.260000000E+00         0.717583728E-01         0.239509255E-01         0.385831634E-04         0.717172324E-01         0.255719969E-05
       0.280000000E+00         0.715113490E-01         0.258017732E-01         0.449099904E-04         0.714637734E-01         0.266569473E-05
       0.300000000E+00         0.712712668E-01         0.276845025E-01         0.517735149E-04         0.712166841E-01         0.280920784E-05
       0.320000000E+00         0.710372069E-01         0.295951187E-01         0.591816936E-04         0.709750419E-01         0.298329085E-05
       0.340000000E+00         0.708083952E-01         0.315299026E-01         0.671392844E-04         0.707380720E-01         0.318389172E-05
       0.360000000E+00         0.705841768E-01         0.334854207E-01         0.756481890E-04         0.705051212E-01         0.340732773E-05
       0.380000000E+00         0.703639941E-01         0.354585209E-01         0.847077579E-04         0.702756361E-01         0.365027021E-05
       0.400000000E+00         0.701473704E-01         0.374463131E-01         0.943150378E-04         0.700491457E-01         0.390972091E-05
       0.420000000E+00         0.699338957E-01         0.394461405E-01         0.104464964E-03         0.698252477E-01         0.418298213E-05
       0.440000000E+00         0.697232155E-01         0.414555488E-01         0.115150509E-03         0.696035974E-01         0.446762536E-05
       0.460000000E+00         0.695150221E-01         0.434722558E-01         0.126362798E-03         0.693838979E-01         0.476146099E-05
       0.480000000E+00         0.693090469E-01         0.454941240E-01         0.138091198E-03         0.691658932E-01         0.506251063E-05
       0.500000000E+00         0.691050543E-01         0.475191377E-01         0.150323396E-03         0.689493620E-01         0.536898274E-05
       0.520000000E+00         0.689028373E-01         0.495453822E-01         0.163045460E-03         0.687341126E-01         0.567925221E-05
       0.540000000E+00         0.687022127E-01         0.515710280E-01         0.176241900E-03         0.685199789E-01         0.599184402E-05
       0.560000000E+00         0.685030184E-01         0.535943180E-01         0.189895729E-03         0.683068173E-01         0.630542070E-05
       0.580000000E+00         0.683051104E-01         0.556135570E-01         0.203988517E-03         0.680945031E-01         0.661877297E-05
       0.600000000E+00         0.681083602E-01         0.576271037E-01         0.218500458E-03         0.678829290E-01         0.693081262E-05
       0.620000000E+00         0.679126534E-01         0.596333652E-01         0.233410430E-03         0.676720024E-01         0.724056665E-05
       0.640000000E+00         0.677178875E-01         0.616307917E-01         0.248696067E-03         0.674616443E-01         0.754717192E-05
       0.660000000E+00         0.675239707E-01         0.636178728E-01         0.264333832E-03         0.672517870E-01         0.784986956E-05
       0.680000000E+00         0.673308208E-01         0.655931353E-01         0.280299092E-03         0.670423737E-01         0.814799893E-05
       0.700000000E+00         0.671383640E-01         0.675551406E-01         0.296566200E-03         0.668333569E-01         0.844099101E-05
       0.720000000E+00         0.669465341E-01         0.695024829E-01         0.313108577E-03         0.666246971E-01         0.872836125E-05
       0.740000000E+00         0.667552715E-01         0.714337889E-01         0.329898798E-03         0.664163630E-01         0.900970207E-05
       0.760000000E+00         0.665645231E-01         0.733477161E-01         0.346908687E-03         0.662083297E-01         0.928467531E-05
       0.780000000E+00         0.663742411E-01         0.752429527E-01         0.364109399E-03         0.660005787E-01         0.955300473E-05
       0.800000000E+00         0.661843830E-01         0.771182179E-01         0.381471523E-03         0.657930970E-01         0.981446890E-05
       0.820000000E+00         0.659949110E-01         0.789722612E-01         0.398965169E-03         0.655858770E-01         0.100688944E-04
       0.840000000E+00         0.658057918E-01         0.808038631E-01         0.416560069E-03         0.653789156E-01         0.103161499E-04
       0.860000000E+00         0.656169960E-01         0.826118354E-01         0.434225670E-03         0.651722142E-01         0.105561401E-04
       0.880000000E+00         0.654284981E-01         0.843950219E-01         0.451931235E-03         0.649657781E-01         0.107888016E-04
       0.900000000E+00         0.652402762E-01         0.861522990E-01         0.469645931E-03         0.647596162E-01         0.110140977E-04
       0.920000000E+00         0.650523116E-01         0.878825761E-01         0.487338936E-03         0.645537406E-01         0.112320152E-04
       0.940000000E+00         0.648645889E-01         0.895847971E-01         0.504979525E-03         0.643481668E-01         0.114425611E-04
       0.960000000E+00         0.646770955E-01         0.912579406E-01         0.522537168E-03         0.641429126E-01         0.116457595E-04
       0.980000000E+00         0.644898218E-01         0.929010210E-01         0.539981621E-03         0.639379985E-01         0.118416494E-04
       0.100000000E+01         0.643027604E-01         0.945130896E-01         0.557283017E-03         0.637334471E-01         0.120302826E-04
       0.102000000E+01         0.641159066E-01         0.960932354E-01         0.574411952E-03         0.635292829E-01         0.122117216E-04
       0.104000000E+01         0.639292578E-01         0.976405857E-01         0.591339573E-03         0.633255322E-01         0.123860382E-04
       0.106000000E+01         0.637428136E-01         0.991543073E-01         0.608037659E-03         0.631222226E-01         0.125533118E-04
       0.108000000E+01         0.635565753E-01         0.100633607E+00         0.624478699E-03         0.629193830E-01         0.127136283E-04
       0.110000000E+01         0.633705461E-01         0.102077734E+00         0.640635970E-03         0.627170431E-01         0.128670788E-04
       0.112000000E+01         0.631847309E-01         0.103485978E+00         0.656483610E-03         0.625152336E-01         0.130137583E-04
       0.114000000E+01         0.629991360E-01         0.104857671E+00         0.671996684E-03         0.623139855E-01         0.131537653E-04
       0.116000000E+01         0.628137689E-01         0.106192191E+00         0.687151247E-03         0.621133305E-01         0.132872000E-04
       0.118000000E+01         0.626286386E-01         0.107488956E+00         0.701924407E-03         0.619133001E-01         0.134141647E-04
       0.120000000E+01         0.624437551E-01         0.108747433E+00         0.716294378E-03         0.617139260E-01         0.135347619E-04
       0.122000000E+01         0.622591294E-01         0.109967130E+00         0.730240534E-03         0.615152398E-01         0.136490949E-04
       0.124000000E+01         0.620747734E-01         0.111147605E+00         0.743743447E-03         0.613172727E-01         0.137572665E-04
       0.126000000E+01         0.618906998E-01         0.112288458E+00         0.756784936E-03         0.611200555E-01         0.138593790E-04
       0.128000000E+01         0.617069221E-01         0.113389339E+00         0.769348097E-03         0.609236185E-01         0.139555340E-04
       0.130000000E+01         0.615234544E-01         0.114449943E+00         0.781417338E-03         0.607279912E-01         0.140458322E-04
       0.132000000E+01         0.613403113E-01         0.115470011E+00         0.792978399E-03         0.605332025E-01         0.141303734E-04
       0.134000000E+01         0.611575079E-01         0.116449334E+00         0.804018378E-03         0.603392803E-01         0.142092562E-04
       0.136000000E+01         0.609750598E-01         0.117387747E+00         0.814525741E-03         0.601462515E-01         0.142825786E-04
       0.138000000E+01         0.607929830E-01         0.118285135E+00         0.824490337E-03         0.599541422E-01         0.143504378E-04
       0.140000000E+01         0.606112936E-01         0.119141428E+00         0.833903398E-03         0.597629772E-01         0.144129304E-04
       0.142000000E+01         0.604300081E-01         0.119956604E+00         0.842757544E-03         0.595727804E-01         0.144701526E-04
       0.144000000E+01         0.602491432E-01         0.120730687E+00         0.851046772E-03         0.593835742E-01         0.145222008E-04
       0.146000000E+01         0.600687156E-01         0.121463749E+00         0.858766453E-03         0.591953799E-01         0.145691713E-04
       0.148000000E+01         0.598887422E-01         0.122155906E+00         0.865913317E-03         0.590082177E-01         0.146111608E-04
       0.150000000E+01         0.597092400E-01         0.122807319E+00         0.872485428E-03         0.588221063E-01         0.146482670E-04
       0.152000000E+01         0.595302259E-01         0.123418197E+00         0.878482170E-03         0.586370631E-01         0.146805881E-04
       0.154000000E+01         0.593517167E-01         0.123988790E+00         0.883904215E-03         0.584531043E-01         0.147082237E-04
       0.156000000E+01         0.591737293E-01         0.124519394E+00         0.888753496E-03         0.582702446E-01         0.147312747E-04
       0.158000000E+01         0.589962804E-01         0.125010345E+00         0.893033169E-03         0.580884974E-01         0.147498434E-04
       0.160000000E+01         0.588193864E-01         0.125462024E+00         0.896747580E-03         0.579078748E-01         0.147640339E-04
       0.162000000E+01         0.586430638E-01         0.125874851E+00         0.899902222E-03         0.577283877E-01         0.147739521E-04
       0.164000000E+01         0.584673287E-01         0.126249286E+00         0.902503693E-03         0.575500453E-01         0.147797059E-04
       0.166000000E+01         0.582921969E-01         0.126585830E+00         0.904559647E-03         0.573728559E-01         0.147814051E-04
       0.168000000E+01         0.581176842E-01         0.126885018E+00         0.906078752E-03         0.571968263E-01         0.147791618E-04
       0.170000000E+01         0.579438057E-01         0.127147426E+00         0.907070635E-03         0.570219620E-01         0.147730900E-04
       0.172000000E+01         0.577705766E-01         0.127373663E+00         0.907545830E-03         0.568482675E-01         0.147633063E-04
       0.174000000E+01         0.575980115E-01         0.127564372E+00         0.907515727E-03         0.566757458E-01         0.147499290E-04
       0.176000000E+01         0.574261246E-01         0.127720230E+00         0.906992515E-03         0.565043990E-01         0.147330788E-04
       0.178000000E+01         0.572549300E-01         0.127841945E+00         0.905989126E-03         0.563342280E-01         0.147128787E-04
       0.180000000E+01         0.570844411E-01         0.127930255E+00         0.904519180E-03         0.561652324E-01         0.146894536E-04
       0.182000000E+01         0.569146710E-01         0.127985927E+00         0.902596926E-03         0.559974112E-01         0.146629306E-04
       0.184000000E+01         0.567456326E-01         0.128009754E+00         0.900237185E-03         0.558307620E-01         0.146334386E-04
       0.186000000E+01         0.565773380E-01         0.128002556E+00         0.897455292E-03         0.556652816E-01         0.146011085E-04
       0.188000000E+01         0.564097990E-01         0.127965177E+00         0.894267039E-03         0.555009659E-01         0.145660730E-04
       0.190000000E+01         0.562430271E-01         0.127898481E+00         0.890688619E-03         0.553378100E-01         0.145284665E-04
       0.192000000E+01         0.560770331E-01         0.127803357E+00         0.886736565E-03         0.551758081E-01         0.144884247E-04
       0.194000000E+01         0.559118276E-01         0.127680710E+00         0.882427699E-03         0.550149538E-01         0.144460850E-04
       0.196000000E+01         0.557474205E-01         0.127531464E+00         0.877779076E-03         0.548552398E-01         0.144015858E-04
       0.198000000E+01         0.555838213E-01         0.127356558E+00         0.872807929E-03         0.546966583E-01         0.143550665E-04
       0.200000000E+01         0.554210392E-01         0.127156946E+00         0.867531618E-03         0.545392009E-01         0.143066675E-04
       0.202000000E+01         0.552590826E-01         0.126933596E+00         0.861967577E-03         0.543828584E-01         0.142565298E-04
       0.204000000E+01         0.550979596E-01         0.126687484E+00         0.856133268E-03         0.542276216E-01         0.142047947E-04
       0.206000000E+01         0.549376780E-01         0.126419597E+00         0.850046132E-03         0.540734803E-01         0.141516036E-04
       0.208000000E+01         0.547782449E-01         0.126130929E+00         0.843723542E-03         0.539204242E-01         0.140970981E-04
       0.210000000E+01         0.546196669E-01         0.125822482E+00         0.837182761E-03         0.537684428E-01         0.140414192E-04
       0.212000000E+01         0.544619504E-01         0.125495258E+00         0.830440901E-03         0.536175248E-01         0.139847073E-04
       0.214000000E+01         0.543051011E-01         0.125150267E+00         0.823514880E-03         0.534676591E-01         0.139271018E-04
       0.216000000E+01         0.541491242E-01         0.124788515E+00         0.816421389E-03         0.533188341E-01         0.138687411E-04
       0.218000000E+01         0.539940248E-01         0.124411010E+00         0.809176854E-03         0.531710382E-01         0.138097620E-04
       0.220000000E+01         0.538398072E-01         0.124018758E+00         0.801797404E-03         0.530242595E-01         0.137502993E-04
       0.222000000E+01         0.536864754E-01         0.123612761E+00         0.794298840E-03         0.528784860E-01         0.136904860E-04
       0.224000000E+01         0.535340329E-01         0.123194014E+00         0.786696608E-03         0.527337059E-01         0.136304522E-04
       0.226000000E+01         0.533824831E-01         0.122763506E+00         0.779005773E-03         0.525899070E-01         0.135703258E-04
       0.228000000E+01         0.532318285E-01         0.122322220E+00         0.771240993E-03         0.524470772E-01         0.135102313E-04
       0.230000000E+01         0.530820715E-01         0.121871126E+00         0.763416499E-03         0.523052047E-01         0.134502899E-04
       0.232000000E+01         0.529332140E-01         0.121411185E+00         0.755546080E-03         0.521642773E-01         0.133906194E-04
       0.234000000E+01         0.527852577E-01         0.120943343E+00         0.747643057E-03         0.520242833E-01         0.133313335E-04
       0.236000000E+01         0.526382036E-01         0.120468534E+00         0.739720279E-03         0.518852108E-01         0.132725421E-04
       0.238000000E+01         0.524920527E-01         0.119987676E+00         0.731790102E-03         0.517470483E-01         0.132143504E-04
       0.240000000E+01         0.523468054E-01         0.119501672E+00         0.723864384E-03         0.516097841E-01         0.131568592E-04
       0.242000000E+01         0.522024618E-01         0.119011405E+00         0.715954473E-03         0.514734071E-01         0.131001647E-04
       0.244000000E+01         0.520590217E-01         0.118517739E+00         0.708071205E-03         0.513379061E-01         0.130443579E-04
       0.246000000E+01         0.519164846E-01         0.118021521E+00         0.700224894E-03         0.512032702E-01         0.129895250E-04
       0.248000000E+01         0.517748497E-01         0.117523574E+00         0.692425334E-03         0.510694886E-01         0.129357469E-04
       0.250000000E+01         0.516341159E-01         0.117024701E+00         0.684681795E-03         0.509365510E-01         0.128830992E-04
       0.252000000E+01         0.514942817E-01         0.116525680E+00         0.677003025E-03         0.508044470E-01         0.128316522E-04
       0.254000000E+01         0.513553454E-01         0.116027267E+00         0.669397254E-03         0.506731667E-01         0.127814709E-04
       0.256000000E+01         0.512173052E-01         0.115530192E+00         0.661872193E-03         0.505427004E-01         0.127326149E-04
       0.258000000E+01         0.510801588E-01         0.115035160E+00         0.654435045E-03         0.504130386E-01         0.126851382E-04
       0.260000000E+01         0.509439038E-01         0.114542851E+00         0.647092506E-03         0.502841722E-01         0.126390898E-04
       0.262000000E+01         0.508085375E-01         0.114053917E+00         0.639850778E-03         0.501560922E-01         0.125945132E-04
       0.264000000E+01         0.506740571E-01         0.113568982E+00         0.632715573E-03         0.500287901E-01         0.125514467E-04
       0.266000000E+01         0.505404595E-01         0.113088645E+00         0.625692125E-03         0.499022574E-01         0.125099236E-04
       0.268000000E+01         0.504077413E-01         0.112613474E+00         0.618785202E-03         0.497764862E-01         0.124699723E-04
       0.270000000E+01         0.502758992E-01         0.112144011E+00         0.611999116E-03         0.496514685E-01         0.124316162E-04
       0.272000000E+01         0.501449295E-01         0.111680767E+00         0.605337735E-03         0.495271969E-01         0.123948744E-04
       0.274000000E+01         0.500148285E-01         0.111224226E+00         0.598804497E-03         0.494036642E-01         0.123597610E-04
       0.276000000E+01         0.498855920E-01         0.110774842E+00         0.592402425E-03         0.492808633E-01         0.123262864E-04
       0.278000000E+01         0.497572162E-01         0.110333041E+00         0.586134140E-03         0.491587876E-01         0.122944567E-04
       0.280000000E+01         0.496296966E-01         0.109899218E+00         0.580001874E-03         0.490374305E-01         0.122642740E-04
       0.282000000E+01         0.495030291E-01         0.109473742E+00         0.574007489E-03         0.489167859E-01         0.122357371E-04
       0.284000000E+01         0.493772091E-01         0.109056951E+00         0.568152489E-03         0.487968477E-01         0.122088413E-04
       0.286000000E+01         0.492522320E-01         0.108649155E+00         0.562438037E-03         0.486776104E-01         0.121835785E-04
       0.288000000E+01         0.491280932E-01         0.108250639E+00         0.556864973E-03         0.485590683E-01         0.121599380E-04
       0.290000000E+01         0.490047879E-01         0.107861656E+00         0.551433826E-03         0.484412162E-01         0.121379063E-04
       0.292000000E+01         0.488823112E-01         0.107482434E+00         0.546144832E-03         0.483240489E-01         0.121174676E-04
       0.294000000E+01         0.487606583E-01         0.107113175E+00         0.540997950E-03         0.482075618E-01         0.120986035E-04
       0.296000000E+01         0.486398242E-01         0.106754054E+00         0.535992879E-03         0.480917500E-01         0.120812940E-04
       0.298000000E+01         0.485198037E-01         0.106405222E+00         0.531129071E-03         0.479766091E-01         0.120655171E-04
       0.300000000E+01         0.484005919E-01         0.106066803E+00         0.526405750E-03         0.478621349E-01         0.120512493E-04
       0.302000000E+01         0.482821834E-01         0.105738900E+00         0.521821925E-03         0.477483230E-01         0.120384657E-04
       0.304000000E+01         0.481645732E-01         0.105421591E+00         0.517376407E-03         0.476351696E-01         0.120271403E-04
       0.306000000E+01         0.480477559E-01         0.105114932E+00         0.513067822E-03         0.475226708E-01         0.120172460E-04
       0.308000000E+01         0.479317263E-01         0.104818959E+00         0.508894628E-03         0.474108230E-01         0.120087549E-04
       0.310000000E+01         0.478164792E-01         0.104533686E+00         0.504855127E-03         0.472996224E-01         0.120016384E-04
       0.312000000E+01         0.477020090E-01         0.104259110E+00         0.500947481E-03         0.471890657E-01         0.119958675E-04
       0.314000000E+01         0.475883106E-01         0.103995206E+00         0.497169725E-03         0.470791495E-01         0.119914125E-04
       0.316000000E+01         0.474753785E-01         0.103741935E+00         0.493519778E-03         0.469698705E-01         0.119882437E-04
       0.318000000E+01         0.473632073E-01         0.103499240E+00         0.489995459E-03         0.468612255E-01         0.119863311E-04
       0.320000000E+01         0.472517917E-01         0.103267048E+00         0.486594497E-03         0.467532116E-01         0.119856445E-04
       0.322000000E+01         0.471411262E-01         0.103045274E+00         0.483314543E-03         0.466458255E-01         0.119861537E-04
       0.324000000E+01         0.470312054E-01         0.102833817E+00         0.480153183E-03         0.465390644E-01         0.119878287E-04
       0.326000000E+01         0.469220240E-01         0.102632564E+00         0.477107947E-03         0.464329254E-01         0.119906394E-04
       0.328000000E+01         0.468135764E-01         0.102441394E+00         0.474176317E-03         0.463274056E-01         0.119945559E-04
       0.330000000E+01         0.467058574E-01         0.102260171E+00         0.471355743E-03         0.462225021E-01         0.119995484E-04
       0.332000000E+01         0.465988614E-01         0.102088752E+00         0.468643648E-03         0.461182121E-01         0.120055872E-04
       0.334000000E+01         0.464925830E-01         0.101926987E+00         0.466037435E-03         0.460145330E-01         0.120126429E-04
       0.336000000E+01         0.463870170E-01         0.101774716E+00         0.463534499E-03         0.459114618E-01         0.120206863E-04
       0.338000000E+01         0.462821578E-01         0.101631774E+00         0.461132235E-03         0.458089959E-01         0.120296881E-04
       0.340000000E+01         0.461780001E-01         0.101497991E+00         0.458828041E-03         0.457071324E-01         0.120396193E-04
       0.342000000E+01         0.460745385E-01         0.101373189E+00         0.456619327E-03         0.456058687E-01         0.120504510E-04
       0.344000000E+01         0.459717677E-01         0.101257190E+00         0.454503523E-03         0.455052020E-01         0.120621543E-04
       0.346000000E+01         0.458696823E-01         0.101149811E+00         0.452478083E-03         0.454051295E-01         0.120747004E-04
       0.348000000E+01         0.457682769E-01         0.101050866E+00         0.450540487E-03         0.453056484E-01         0.120880603E-04
       0.350000000E+01         0.456675464E-01         0.100960169E+00         0.448688252E-03         0.452067559E-01         0.121022052E-04
       0.352000000E+01         0.455674852E-01         0.100877531E+00         0.446918932E-03         0.451084492E-01         0.121171061E-04
       0.354000000E+01         0.454680882E-01         0.100802764E+00         0.445230124E-03         0.450107253E-01         0.121327335E-04
       0.356000000E+01         0.453693500E-01         0.100735680E+00         0.443619468E-03         0.449135815E-01         0.121490582E-04
       0.358000000E+01         0.452712655E-01         0.100676090E+00         0.442084654E-03         0.448170148E-01         0.121660505E-04
       0.360000000E+01         0.451738292E-01         0.100623809E+00         0.440623422E-03         0.447210221E-01         0.121836803E-04
       0.362000000E+01         0.450770361E-01         0.100578652E+00         0.439233566E-03         0.446256006E-01         0.122019172E-04
       0.364000000E+01         0.449808809E-01         0.100540434E+00         0.437912934E-03         0.445307472E-01         0.122207306E-04
       0.366000000E+01         0.448853584E-01         0.100508976E+00         0.436659429E-03         0.444364589E-01         0.122400893E-04
       0.368000000E+01         0.447904634E-01         0.100484099E+00         0.435471013E-03         0.443427324E-01         0.122599616E-04
       0.370000000E+01         0.446961907E-01         0.100465629E+00         0.434345705E-03         0.442495647E-01         0.122803155E-04
       0.372000000E+01         0.446025353E-01         0.100453394E+00         0.433281583E-03         0.441569526E-01         0.123011182E-04
       0.374000000E+01         0.445094919E-01         0.100447224E+00         0.432276783E-03         0.440648928E-01         0.123223366E-04
       0.376000000E+01         0.444170556E-01         0.100446956E+00         0.431329500E-03         0.439733821E-01         0.123439371E-04
       0.378000000E+01         0.443252211E-01         0.100452427E+00         0.430437986E-03         0.438824173E-01         0.123658852E-04
       0.380000000E+01         0.442339835E-01         0.100463480E+00         0.429600551E-03         0.437919948E-01         0.123881462E-04
       0.382000000E+01         0.441433377E-01         0.100479961E+00         0.428815563E-03         0.437021115E-01         0.124106846E-04
       0.384000000E+01         0.440532787E-01         0.100501721E+00         0.428081442E-03         0.436127638E-01         0.124334645E-04
       0.386000000E+01         0.439638015E-01         0.100528613E+00         0.427396665E-03         0.435239484E-01         0.124564492E-04
       0.388000000E+01         0.438749011E-01         0.100560496E+00         0.426759762E-03         0.434356618E-01         0.124796018E-04
       0.390000000E+01         0.437865726E-01         0.100597230E+00         0.426169312E-03         0.433479004E-01         0.125028846E-04
       0.392000000E+01         0.436988111E-01         0.100638681E+00         0.425623946E-03         0.432606609E-01         0.125262596E-04
       0.394000000E+01         0.436116116E-01         0.100684718E+00         0.425122341E-03         0.431739396E-01         0.125496884E-04
       0.396000000E+01         0.435249694E-01         0.100735213E+00         0.424663221E-03         0.430877330E-01         0.125731320E-04
       0.398000000E+01         0.434388795E-01         0.100790043E+00         0.424245353E-03         0.430020376E-01         0.125965514E-04
       0.400000000E+01         0.433533371E-01         0.100849086E+00         0.423867545E-03         0.429168497E-01         0.126199069E-04
       0.402000000E+01         0.432683375E-01         0.100912224E+00         0.423528647E-03         0.428321657E-01         0.126431589E-04
       0.404000000E+01         0.431838759E-01         0.100979343E+00         0.423227544E-03         0.427479821E-01         0.126662676E-04
       0.406000000E+01         0.430999476E-01         0.101050331E+00         0.422963157E-03         0.426642952E-01         0.126891930E-04
       0.408000000E+01         0.430165478E-01         0.101125079E+00         0.422734440E-03         0.425811015E-01         0.127118952E-04
       0.410000000E+01         0.429336720E-01         0.101203479E+00         0.422540379E-03         0.424983973E-01         0.127343343E-04
       0.412000000E+01         0.428513154E-01         0.101285427E+00         0.422379986E-03         0.424161789E-01         0.127564705E-04
       0.414000000E+01         0.427694735E-01         0.101370821E+00         0.422252303E-03         0.423344429E-01         0.127782644E-04
       0.416000000E+01         0.426881417E-01         0.101459559E+00         0.422156395E-03         0.422531857E-01         0.127996766E-04
       0.418000000E+01         0.426073155E-01         0.101551543E+00         0.422091346E-03         0.421724035E-01         0.128206685E-04
       0.420000000E+01         0.425269904E-01         0.101646675E+00         0.422056266E-03         0.420920930E-01         0.128412017E-04
       0.422000000E+01         0.424471620E-01         0.101744861E+00         0.422050279E-03         0.420122505E-01         0.128612386E-04
       0.424000000E+01         0.423678257E-01         0.101846004E+00         0.422072526E-03         0.419328724E-01         0.128807420E-04
       0.426000000E+01         0.422889773E-01         0.101950011E+00         0.422122164E-03         0.418539554E-01         0.128996757E-04
       0.428000000E+01         0.422106123E-01         0.102056789E+00         0.422198360E-03         0.417754959E-01         0.129180044E-04
       0.430000000E+01         0.421327265E-01         0.102166247E+00         0.422300295E-03         0.416974905E-01         0.129356936E-04
       0.432000000E+01         0.420553156E-01         0.102278292E+00         0.422427156E-03         0.416199358E-01         0.129527100E-04
       0.434000000E+01         0.419783754E-01         0.102392834E+00         0.422578140E-03         0.415428283E-01         0.129690215E-04
       0.436000000E+01         0.419019017E-01         0.102509782E+00         0.422752449E-03         0.414661647E-01         0.129845971E-04
       0.438000000E+01         0.418258904E-01         0.102629044E+00         0.422949290E-03         0.413899417E-01         0.129994073E-04
       0.440000000E+01         0.417503372E-01         0.102750532E+00         0.423167875E-03         0.413141559E-01         0.130134238E-04
       0.442000000E+01         0.416752383E-01         0.102874154E+00         0.423407417E-03         0.412388042E-01         0.130266201E-04
       0.444000000E+01         0.416005895E-01         0.102999819E+00         0.423667132E-03         0.411638834E-01         0.130389710E-04
       0.446000000E+01         0.415263869E-01         0.103127437E+00         0.423946236E-03         0.410893902E-01         0.130504530E-04
       0.448000000E+01         0.414526266E-01         0.103256918E+00         0.424243946E-03         0.410153216E-01         0.130610446E-04
       0.450000000E+01         0.413793046E-01         0.103388169E+00         0.424559476E-03         0.409416744E-01         0.130707255E-04
       0.452000000E+01         0.413064172E-01         0.103521099E+00         0.424892042E-03         0.408684457E-01         0.130794778E-04
       0.454000000E+01         0.412339605E-01         0.103655617E+00         0.425240857E-03         0.407956323E-01         0.130872850E-04
       0.456000000E+01         0.411619307E-01         0.103791631E+00         0.425605132E-03         0.407232315E-01         0.130941328E-04
       0.458000000E+01         0.410903243E-01         0.103929048E+00         0.425984075E-03         0.406512402E-01         0.131000086E-04
       0.460000000E+01         0.410191374E-01         0.104067774E+00         0.426376894E-03         0.405796556E-01         0.131049018E-04
       0.462000000E+01         0.409483666E-01         0.104207718E+00         0.426782793E-03         0.405084750E-01         0.131088040E-04
       0.464000000E+01         0.408780082E-01         0.104348785E+00         0.427200974E-03         0.404376955E-01         0.131117084E-04
       0.466000000E+01         0.408080587E-01         0.104490882E+00         0.427630636E-03         0.403673145E-01         0.131136104E-04
       0.468000000E+01         0.407385146E-01         0.104633915E+00         0.428070978E-03         0.402973292E-01         0.131145075E-04
       0.470000000E+01         0.406693726E-01         0.104777790E+00         0.428521194E-03         0.402277370E-01         0.131143989E-04
       0.472000000E+01         0.406006292E-01         0.104922411E+00         0.428980480E-03         0.401585354E-01         0.131132858E-04
       0.474000000E+01         0.405322811E-01         0.105067686E+00         0.429448030E-03         0.400897219E-01         0.131111716E-04
       0.476000000E+01         0.404643250E-01         0.105213518E+00         0.429923035E-03         0.400212939E-01         0.131080613E-04
       0.478000000E+01         0.403967576E-01         0.105359815E+00         0.430404690E-03         0.399532490E-01         0.131039621E-04
       0.480000000E+01         0.403295758E-01         0.105506480E+00         0.430892188E-03         0.398855848E-01         0.130988827E-04
       0.482000000E+01         0.402627765E-01         0.105653422E+00         0.431384723E-03         0.398182989E-01         0.130928339E-04
       0.484000000E+01         0.401963564E-01         0.105800545E+00         0.431881493E-03         0.397513891E-01         0.130858281E-04
       0.486000000E+01         0.401303126E-01         0.105947756E+00         0.432381698E-03         0.396848531E-01         0.130778794E-04
       0.488000000E+01         0.400646421E-01         0.106094962E+00         0.432884541E-03         0.396186885E-01         0.130690038E-04
       0.490000000E+01         0.399993418E-01         0.106242071E+00         0.433389230E-03         0.395528934E-01         0.130592185E-04
       0.492000000E+01         0.399344089E-01         0.106388992E+00         0.433894978E-03         0.394874654E-01         0.130485426E-04
       0.494000000E+01         0.398698404E-01         0.106535633E+00         0.434401006E-03         0.394224024E-01         0.130369964E-04
       0.496000000E+01         0.398056336E-01         0.106681904E+00         0.434906540E-03         0.393577025E-01         0.130246017E-04
       0.498000000E+01         0.397417857E-01         0.106827717E+00         0.435410814E-03         0.392933635E-01         0.130113815E-04
       0.500000000E+01         0.396782938E-01         0.106972983E+00         0.435913072E-03         0.392293834E-01         0.129973602E-04
       0.502000000E+01         0.396151553E-01         0.107117617E+00         0.436412569E-03         0.391657602E-01         0.129825631E-04
       0.504000000E+01         0.395523676E-01         0.107261532E+00         0.436908568E-03         0.391024920E-01         0.129670168E-04
       0.506000000E+01         0.394899280E-01         0.107404644E+00         0.437400347E-03         0.390395769E-01         0.129507486E-04
       0.508000000E+01         0.394278339E-01         0.107546872E+00         0.437887194E-03         0.389770129E-01         0.129337867E-04
       0.510000000E+01         0.393660828E-01         0.107688134E+00         0.438368411E-03         0.389147983E-01         0.129161601E-04
       0.512000000E+01         0.393046723E-01         0.107828351E+00         0.438843317E-03         0.388529311E-01         0.128978985E-04
       0.514000000E+01         0.392435998E-01         0.107967446E+00         0.439311243E-03         0.387914095E-01         0.128790321E-04
       0.516000000E+01         0.391828630E-01         0.108105343E+00         0.439771538E-03         0.387302319E-01         0.128595913E-04
       0.518000000E+01         0.391224594E-01         0.108241970E+00         0.440223567E-03         0.386693963E-01         0.128396073E-04
       0.520000000E+01         0.390623868E-01         0.108377253E+00         0.440666715E-03         0.386089010E-01         0.128191110E-04
       0.522000000E+01         0.390026429E-01         0.108511124E+00         0.441100382E-03         0.385487444E-01         0.127981339E-04
       0.524000000E+01         0.389432253E-01         0.108643516E+00         0.441523990E-03         0.384889246E-01         0.127767072E-04
       0.526000000E+01         0.388841320E-01         0.108774364E+00         0.441936979E-03         0.384294401E-01         0.127548622E-04
       0.528000000E+01         0.388253606E-01         0.108903605E+00         0.442338812E-03         0.383702891E-01         0.127326300E-04
       0.530000000E+01         0.387669090E-01         0.109031178E+00         0.442728970E-03         0.383114700E-01         0.127100414E-04
       0.532000000E+01         0.387087752E-01         0.109157027E+00         0.443106959E-03         0.382529811E-01         0.126871269E-04
       0.534000000E+01         0.386509571E-01         0.109281096E+00         0.443472303E-03         0.381948209E-01         0.126639166E-04
       0.536000000E+01         0.385934525E-01         0.109403331E+00         0.443824553E-03         0.381369876E-01         0.126404401E-04
       0.538000000E+01         0.385362596E-01         0.109523683E+00         0.444163281E-03         0.380794796E-01         0.126167265E-04
       0.540000000E+01         0.384793763E-01         0.109642105E+00         0.444488082E-03         0.380222954E-01         0.125928040E-04
       0.542000000E+01         0.384228007E-01         0.109758551E+00         0.444798576E-03         0.379654334E-01         0.125687005E-04
       0.544000000E+01         0.383665309E-01         0.109872978E+00         0.445094406E-03         0.379088920E-01         0.125444429E-04
       0.546000000E+01         0.383105649E-01         0.109985348E+00         0.445375240E-03         0.378526697E-01         0.125200574E-04
       0.548000000E+01         0.382549011E-01         0.110095624E+00         0.445640770E-03         0.377967647E-01         0.124955692E-04
       0.550000000E+01         0.381995374E-01         0.110203771E+00         0.445890712E-03         0.377411757E-01         0.124710029E-04
       0.552000000E+01         0.381444721E-01         0.110309758E+00         0.446124809E-03         0.376859010E-01         0.124463819E-04
       0.554000000E+01         0.380897036E-01         0.110413557E+00         0.446342826E-03         0.376309390E-01         0.124217289E-04
       0.556000000E+01         0.380352299E-01         0.110515141E+00         0.446544554E-03         0.375762883E-01         0.123970655E-04
       0.558000000E+01         0.379810495E-01         0.110614488E+00         0.446729807E-03         0.375219473E-01         0.123724122E-04
       0.560000000E+01         0.379271606E-01         0.110711576E+00         0.446898427E-03         0.374679144E-01         0.123477889E-04
       0.562000000E+01         0.378735616E-01         0.110806389E+00         0.447050277E-03         0.374141881E-01         0.123232141E-04
       0.564000000E+01         0.378202508E-01         0.110898911E+00         0.447185245E-03         0.373607669E-01         0.122987054E-04
       0.566000000E+01         0.377672267E-01         0.110989130E+00         0.447303243E-03         0.373076492E-01         0.122742795E-04
       0.568000000E+01         0.377144876E-01         0.111077036E+00         0.447404207E-03         0.372548335E-01         0.122499520E-04
       0.570000000E+01         0.376620320E-01         0.111162623E+00         0.447488095E-03         0.372023182E-01         0.122257375E-04
       0.572000000E+01         0.376098584E-01         0.111245885E+00         0.447554891E-03         0.371501018E-01         0.122016497E-04
       0.574000000E+01         0.375579652E-01         0.111326820E+00         0.447604597E-03         0.370981829E-01         0.121777011E-04
       0.576000000E+01         0.375063509E-01         0.111405430E+00         0.447637241E-03         0.370465597E-01         0.121539035E-04
       0.578000000E+01         0.374550140E-01         0.111481717E+00         0.447652871E-03         0.369952309E-01         0.121302676E-04
       0.580000000E+01         0.374039532E-01         0.111555687E+00         0.447651556E-03         0.369441948E-01         0.121068034E-04
       0.582000000E+01         0.373531669E-01         0.111627347E+00         0.447633386E-03         0.368934500E-01         0.120835197E-04
       0.584000000E+01         0.373026537E-01         0.111696708E+00         0.447598471E-03         0.368429948E-01         0.120604246E-04
       0.586000000E+01         0.372524123E-01         0.111763781E+00         0.447546940E-03         0.367928278E-01         0.120375255E-04
       0.588000000E+01         0.372024412E-01         0.111828582E+00         0.447478943E-03         0.367429474E-01         0.120148289E-04
       0.590000000E+01         0.371527391E-01         0.111891127E+00         0.447394645E-03         0.366933521E-01         0.119923405E-04
       0.592000000E+01         0.371033045E-01         0.111951435E+00         0.447294231E-03         0.366440402E-01         0.119700652E-04
       0.594000000E+01         0.370541363E-01         0.112009527E+00         0.447177902E-03         0.365950104E-01         0.119480076E-04
       0.596000000E+01         0.370052329E-01         0.112065425E+00         0.447045877E-03         0.365462609E-01         0.119261711E-04
       0.598000000E+01         0.369565932E-01         0.112119155E+00         0.446898389E-03         0.364977903E-01         0.119045591E-04
       0.600000000E+01         0.369082159E-01         0.112170741E+00         0.446735686E-03         0.364495970E-01         0.118831739E-04
       0.602000000E+01         0.368600995E-01         0.112220214E+00         0.446558032E-03         0.364016795E-01         0.118620177E-04
       0.604000000E+01         0.368122429E-01         0.112267602E+00         0.446365702E-03         0.363540361E-01         0.118410919E-04
       0.606000000E+01         0.367646448E-01         0.112312937E+00         0.446158986E-03         0.363066655E-01         0.118203977E-04
       0.608000000E+01         0.367173040E-01         0.112356251E+00         0.445938185E-03         0.362595658E-01         0.117999358E-04
       0.610000000E+01         0.366702191E-01         0.112397581E+00         0.445703613E-03         0.362127358E-01         0.117797065E-04
       0.612000000E+01         0.366233889E-01         0.112436961E+00         0.445455593E-03         0.361661736E-01         0.117597100E-04
       0.614000000E+01         0.365768123E-01         0.112474428E+00         0.445194458E-03         0.361198779E-01         0.117399459E-04
       0.616000000E+01         0.365304880E-01         0.112510021E+00         0.444920553E-03         0.360738470E-01         0.117204139E-04
       0.618000000E+01         0.364844148E-01         0.112543780E+00         0.444634227E-03         0.360280794E-01         0.117011133E-04
       0.620000000E+01         0.364385914E-01         0.112575744E+00         0.444335841E-03         0.359825735E-01         0.116820431E-04
       0.622000000E+01         0.363930167E-01         0.112605957E+00         0.444025761E-03         0.359373277E-01         0.116632026E-04
       0.624000000E+01         0.363476895E-01         0.112634460E+00         0.443704360E-03         0.358923405E-01         0.116445905E-04
       0.626000000E+01         0.363026086E-01         0.112661297E+00         0.443372018E-03         0.358476104E-01         0.116262059E-04
       0.628000000E+01         0.362577728E-01         0.112686512E+00         0.443029118E-03         0.358031356E-01         0.116080474E-04
       0.630000000E+01         0.362131809E-01         0.112710150E+00         0.442676049E-03         0.357589147E-01         0.115901140E-04
       0.632000000E+01         0.361688318E-01         0.112732258E+00         0.442313204E-03         0.357149462E-01         0.115724044E-04
       0.634000000E+01         0.361247242E-01         0.112752881E+00         0.441940977E-03         0.356712283E-01         0.115549174E-04
       0.636000000E+01         0.360808571E-01         0.112772066E+00         0.441559767E-03         0.356277597E-01         0.115376520E-04
       0.638000000E+01         0.360372292E-01         0.112789861E+00         0.441169975E-03         0.355845386E-01         0.115206071E-04
       0.640000000E+01         0.359938394E-01         0.112806312E+00         0.440772002E-03         0.355415637E-01         0.115037818E-04
       0.642000000E+01         0.359506866E-01         0.112821469E+00         0.440366250E-03         0.354988331E-01         0.114871751E-04
       0.644000000E+01         0.359077694E-01         0.112835379E+00         0.439953122E-03         0.354563455E-01         0.114707864E-04
       0.646000000E+01         0.358650869E-01         0.112848091E+00         0.439533020E-03         0.354140993E-01         0.114546149E-04
       0.648000000E+01         0.358226379E-01         0.112859653E+00         0.439106347E-03         0.353720929E-01         0.114386601E-04
       0.650000000E+01         0.357804211E-01         0.112870115E+00         0.438673503E-03         0.353303247E-01         0.114229218E-04
       0.652000000E+01         0.357384354E-01         0.112879524E+00         0.438234885E-03         0.352887931E-01         0.114073994E-04
       0.654000000E+01         0.356966798E-01         0.112887930E+00         0.437790892E-03         0.352474968E-01         0.113920931E-04
       0.656000000E+01         0.356551529E-01         0.112895380E+00         0.437341916E-03         0.352064340E-01         0.113770027E-04
       0.658000000E+01         0.356138537E-01         0.112901924E+00         0.436888348E-03         0.351656032E-01         0.113621283E-04
       0.660000000E+01         0.355727810E-01         0.112907610E+00         0.436430576E-03         0.351250030E-01         0.113474703E-04
       0.662000000E+01         0.355319337E-01         0.112912485E+00         0.435968984E-03         0.350846317E-01         0.113330289E-04
       0.664000000E+01         0.354913105E-01         0.112916597E+00         0.435503949E-03         0.350444878E-01         0.113188048E-04
       0.666000000E+01         0.354509104E-01         0.112919994E+00         0.435035848E-03         0.350045697E-01         0.113047984E-04
       0.668000000E+01         0.354107321E-01         0.112922723E+00         0.434565049E-03         0.349648760E-01         0.112910105E-04
       0.670000000E+01         0.353707745E-01         0.112924829E+00         0.434091918E-03         0.349254052E-01         0.112774420E-04
       0.672000000E+01         0.353310365E-01         0.112926359E+00         0.433616813E-03         0.348861556E-01         0.112640935E-04
       0.674000000E+01         0.352915168E-01         0.112927359E+00         0.433140088E-03         0.348471257E-01         0.112509662E-04
       0.676000000E+01         0.352522143E-01         0.112927874E+00         0.432662090E-03         0.348083142E-01         0.112380610E-04
       0.678000000E+01         0.352131278E-01         0.112927947E+00         0.432183160E-03         0.347697193E-01         0.112253789E-04
       0.680000000E+01         0.351742562E-01         0.112927623E+00         0.431703633E-03         0.347313397E-01         0.112129211E-04
       0.682000000E+01         0.351355983E-01         0.112926945E+00         0.431223836E-03         0.346931738E-01         0.112006887E-04
       0.684000000E+01         0.350971529E-01         0.112925956E+00         0.430744091E-03         0.346552201E-01         0.111886827E-04
       0.686000000E+01         0.350589188E-01         0.112924696E+00         0.430264712E-03         0.346174772E-01         0.111769044E-04
       0.688000000E+01         0.350208948E-01         0.112923207E+00         0.429786005E-03         0.345799435E-01         0.111653548E-04
       0.690000000E+01         0.349830798E-01         0.112921529E+00         0.429308271E-03         0.345426175E-01         0.111540351E-04
       0.692000000E+01         0.349454726E-01         0.112919703E+00         0.428831800E-03         0.345054979E-01         0.111429463E-04
       0.694000000E+01         0.349080720E-01         0.112917765E+00         0.428356879E-03         0.344685830E-01         0.111320895E-04
       0.696000000E+01         0.348708768E-01         0.112915755E+00         0.427883784E-03         0.344318715E-01         0.111214657E-04
       0.698000000E+01         0.348338858E-01         0.112913709E+00         0.427412783E-03         0.343953619E-01         0.111110757E-04
       0.700000000E+01         0.347970978E-01         0.112911663E+00         0.426944139E-03         0.343590528E-01         0.111009204E-04
       0.702000000E+01         0.347605117E-01         0.112909652E+00         0.426478105E-03         0.343229426E-01         0.110910006E-04
       0.704000000E+01         0.347241262E-01         0.112907711E+00         0.426014926E-03         0.342870299E-01         0.110813170E-04
       0.706000000E+01         0.346879401E-01         0.112905874E+00         0.425554841E-03         0.342513134E-01         0.110718701E-04
       0.708000000E+01         0.346519523E-01         0.112904172E+00         0.425098079E-03         0.342157916E-01         0.110626606E-04
       0.710000000E+01         0.346161616E-01         0.112902637E+00         0.424644861E-03         0.341804630E-01         0.110536886E-04
       0.712000000E+01         0.345805667E-01         0.112901301E+00         0.424195403E-03         0.341453264E-01         0.110449547E-04
       0.714000000E+01         0.345451665E-01         0.112900192E+00         0.423749908E-03         0.341103801E-01         0.110364588E-04
       0.716000000E+01         0.345099598E-01         0.112899339E+00         0.423308576E-03         0.340756230E-01         0.110282011E-04
       0.718000000E+01         0.344749453E-01         0.112898771E+00         0.422871597E-03         0.340410535E-01         0.110201814E-04
       0.720000000E+01         0.344401219E-01         0.112898514E+00         0.422439151E-03         0.340066704E-01         0.110123996E-04
       0.722000000E+01         0.344054884E-01         0.112898594E+00         0.422011414E-03         0.339724721E-01         0.110048553E-04
       0.724000000E+01         0.343710436E-01         0.112899035E+00         0.421588552E-03         0.339384575E-01         0.109975482E-04
       0.726000000E+01         0.343367862E-01         0.112899863E+00         0.421170723E-03         0.339046250E-01         0.109904775E-04
       0.728000000E+01         0.343027152E-01         0.112901099E+00         0.420758078E-03         0.338709735E-01         0.109836425E-04
       0.730000000E+01         0.342688293E-01         0.112902766E+00         0.420350760E-03         0.338375015E-01         0.109770425E-04
       0.732000000E+01         0.342351273E-01         0.112904885E+00         0.419948905E-03         0.338042077E-01         0.109706764E-04
       0.734000000E+01         0.342016080E-01         0.112907477E+00         0.419552640E-03         0.337710908E-01         0.109645431E-04
       0.736000000E+01         0.341682702E-01         0.112910559E+00         0.419162087E-03         0.337381495E-01         0.109586413E-04
       0.738000000E+01         0.341351128E-01         0.112914151E+00         0.418777359E-03         0.337053825E-01         0.109529697E-04
       0.740000000E+01         0.341021345E-01         0.112918270E+00         0.418398562E-03         0.336727885E-01         0.109475268E-04
       0.742000000E+01         0.340693343E-01         0.112922931E+00         0.418025794E-03         0.336403662E-01         0.109423109E-04
       0.744000000E+01         0.340367109E-01         0.112928152E+00         0.417659148E-03         0.336081144E-01         0.109373202E-04
       0.746000000E+01         0.340042630E-01         0.112933945E+00         0.417298709E-03         0.335760318E-01         0.109325529E-04
       0.748000000E+01         0.339719897E-01         0.112940325E+00         0.416944553E-03         0.335441171E-01         0.109280071E-04
       0.750000000E+01         0.339398896E-01         0.112947305E+00         0.416596754E-03         0.335123692E-01         0.109236804E-04
       0.752000000E+01         0.339079617E-01         0.112954896E+00         0.416255374E-03         0.334807868E-01         0.109195709E-04
       0.754000000E+01         0.338762048E-01         0.112963108E+00         0.415920474E-03         0.334493686E-01         0.109156760E-04
       0.756000000E+01         0.338446176E-01         0.112971953E+00         0.415592103E-03         0.334181135E-01         0.109119933E-04
       0.758000000E+01         0.338131991E-01         0.112981440E+00         0.415270308E-03         0.333870203E-01         0.109085204E-04
       0.760000000E+01         0.337819482E-01         0.112991576E+00         0.414955128E-03         0.333560878E-01         0.109052546E-04
       0.762000000E+01         0.337508636E-01         0.113002369E+00         0.414646596E-03         0.333253148E-01         0.109021930E-04
       0.764000000E+01         0.337199442E-01         0.113013827E+00         0.414344739E-03         0.332947001E-01         0.108993330E-04
       0.766000000E+01         0.336891889E-01         0.113025954E+00         0.414049580E-03         0.332642427E-01         0.108966715E-04
       0.768000000E+01         0.336585966E-01         0.113038756E+00         0.413761133E-03         0.332339413E-01         0.108942056E-04
       0.770000000E+01         0.336281662E-01         0.113052238E+00         0.413479410E-03         0.332037948E-01         0.108919322E-04
       0.772000000E+01         0.335978965E-01         0.113066402E+00         0.413204414E-03         0.331738022E-01         0.108898481E-04
       0.774000000E+01         0.335677864E-01         0.113081252E+00         0.412936147E-03         0.331439623E-01         0.108879501E-04
       0.776000000E+01         0.335378348E-01         0.113096790E+00         0.412674601E-03         0.331142739E-01         0.108862349E-04
       0.778000000E+01         0.335080406E-01         0.113113017E+00         0.412419767E-03         0.330847362E-01         0.108846992E-04
       0.780000000E+01         0.334784028E-01         0.113129934E+00         0.412171630E-03         0.330553478E-01         0.108833394E-04
       0.782000000E+01         0.334489202E-01         0.113147541E+00         0.411930169E-03         0.330261079E-01         0.108821523E-04
       0.784000000E+01         0.334195918E-01         0.113165837E+00         0.411695359E-03         0.329970153E-01         0.108811341E-04
       0.786000000E+01         0.333904165E-01         0.113184820E+00         0.411467171E-03         0.329680690E-01         0.108802815E-04
       0.788000000E+01         0.333613932E-01         0.113204489E+00         0.411245572E-03         0.329392680E-01         0.108795907E-04
       0.790000000E+01         0.333325209E-01         0.113224841E+00         0.411030524E-03         0.329106113E-01         0.108790581E-04
       0.792000000E+01         0.333037985E-01         0.113245873E+00         0.410821984E-03         0.328820978E-01         0.108786800E-04
       0.794000000E+01         0.332752250E-01         0.113267581E+00         0.410619907E-03         0.328537267E-01         0.108784528E-04
       0.796000000E+01         0.332467994E-01         0.113289960E+00         0.410424243E-03         0.328254968E-01         0.108783726E-04
       0.798000000E+01         0.332185205E-01         0.113313006E+00         0.410234938E-03         0.327974072E-01         0.108784357E-04
       0.800000000E+01         0.331903875E-01         0.113336713E+00         0.410051937E-03         0.327694570E-01         0.108786383E-04
       0.802000000E+01         0.331623993E-01         0.113361075E+00         0.409875177E-03         0.327416452E-01         0.108789766E-04
       0.804000000E+01         0.331345549E-01         0.113386086E+00         0.409704595E-03         0.327139708E-01         0.108794469E-04
       0.806000000E+01         0.331068533E-01         0.113411738E+00         0.409540125E-03         0.326864331E-01         0.108800451E-04
       0.808000000E+01         0.330792935E-01         0.113438024E+00         0.409381695E-03         0.326590310E-01         0.108807677E-04
       0.810000000E+01         0.330518745E-01         0.113464936E+00         0.409229234E-03         0.326317636E-01         0.108816106E-04
       0.812000000E+01         0.330245954E-01         0.113492466E+00         0.409082665E-03         0.326046301E-01         0.108825701E-04
       0.814000000E+01         0.329974552E-01         0.113520604E+00         0.408941910E-03         0.325776296E-01         0.108836423E-04
       0.816000000E+01         0.329704529E-01         0.113549342E+00         0.408806887E-03         0.325507612E-01         0.108848235E-04
       0.818000000E+01         0.329435877E-01         0.113578670E+00         0.408677514E-03         0.325240240E-01         0.108861097E-04
       0.820000000E+01         0.329168585E-01         0.113608577E+00         0.408553704E-03         0.324974173E-01         0.108874973E-04
       0.822000000E+01         0.328902644E-01         0.113639054E+00         0.408435368E-03         0.324709401E-01         0.108889823E-04
       0.824000000E+01         0.328638046E-01         0.113670090E+00         0.408322418E-03         0.324445917E-01         0.108905610E-04
       0.826000000E+01         0.328374782E-01         0.113701674E+00         0.408214760E-03         0.324183712E-01         0.108922297E-04
       0.828000000E+01         0.328112841E-01         0.113733793E+00         0.408112301E-03         0.323922778E-01         0.108939847E-04
       0.830000000E+01         0.327852215E-01         0.113766438E+00         0.408014945E-03         0.323663108E-01         0.108958222E-04
       0.832000000E+01         0.327592896E-01         0.113799596E+00         0.407922594E-03         0.323404693E-01         0.108977386E-04
       0.834000000E+01         0.327334875E-01         0.113833254E+00         0.407835149E-03         0.323147526E-01         0.108997301E-04
       0.836000000E+01         0.327078142E-01         0.113867401E+00         0.407752510E-03         0.322891599E-01         0.109017933E-04
       0.838000000E+01         0.326822690E-01         0.113902023E+00         0.407674576E-03         0.322636905E-01         0.109039244E-04
       0.840000000E+01         0.326568510E-01         0.113937108E+00         0.407601243E-03         0.322383437E-01         0.109061200E-04
       0.842000000E+01         0.326315594E-01         0.113972643E+00         0.407532408E-03         0.322131186E-01         0.109083766E-04
       0.844000000E+01         0.326063933E-01         0.114008614E+00         0.407467965E-03         0.321880146E-01         0.109106906E-04
       0.846000000E+01         0.325813518E-01         0.114045008E+00         0.407407809E-03         0.321630310E-01         0.109130587E-04
       0.848000000E+01         0.325564343E-01         0.114081812E+00         0.407351833E-03         0.321381670E-01         0.109154774E-04
       0.850000000E+01         0.325316398E-01         0.114119012E+00         0.407299929E-03         0.321134219E-01         0.109179434E-04
       0.852000000E+01         0.325069676E-01         0.114156593E+00         0.407251990E-03         0.320887952E-01         0.109204534E-04
       0.854000000E+01         0.324824170E-01         0.114194543E+00         0.407207908E-03         0.320642860E-01         0.109230042E-04
       0.856000000E+01         0.324579870E-01         0.114232847E+00         0.407167572E-03         0.320398938E-01         0.109255925E-04
       0.858000000E+01         0.324336770E-01         0.114271490E+00         0.407130876E-03         0.320156179E-01         0.109282153E-04
       0.860000000E+01         0.324094861E-01         0.114310460E+00         0.407097708E-03         0.319914576E-01         0.109308693E-04
       0.862000000E+01         0.323854137E-01         0.114349741E+00         0.407067959E-03         0.319674122E-01         0.109335516E-04
       0.864000000E+01         0.323614590E-01         0.114389319E+00         0.407041521E-03         0.319434812E-01         0.109362591E-04
       0.866000000E+01         0.323376212E-01         0.114429180E+00         0.407018283E-03         0.319196639E-01         0.109389889E-04
       0.868000000E+01         0.323138996E-01         0.114469310E+00         0.406998136E-03         0.318959598E-01         0.109417381E-04
       0.870000000E+01         0.322902936E-01         0.114509695E+00         0.406980971E-03         0.318723681E-01         0.109445039E-04
       0.872000000E+01         0.322668023E-01         0.114550319E+00         0.406966679E-03         0.318488883E-01         0.109472836E-04
       0.874000000E+01         0.322434250E-01         0.114591169E+00         0.406955152E-03         0.318255198E-01         0.109500743E-04
       0.876000000E+01         0.322201612E-01         0.114632230E+00         0.406946282E-03         0.318022620E-01         0.109528734E-04
       0.878000000E+01         0.321970100E-01         0.114673488E+00         0.406939961E-03         0.317791144E-01         0.109556784E-04
       0.880000000E+01         0.321739709E-01         0.114714930E+00         0.406936082E-03         0.317560763E-01         0.109584867E-04
       0.882000000E+01         0.321510431E-01         0.114756541E+00         0.406934539E-03         0.317331473E-01         0.109612958E-04
       0.884000000E+01         0.321282259E-01         0.114798306E+00         0.406935226E-03         0.317103266E-01         0.109641033E-04
       0.886000000E+01         0.321055188E-01         0.114840212E+00         0.406938039E-03         0.316876139E-01         0.109669068E-04
       0.888000000E+01         0.320829210E-01         0.114882246E+00         0.406942874E-03         0.316650084E-01         0.109697040E-04
       0.890000000E+01         0.320604319E-01         0.114924393E+00         0.406949628E-03         0.316425098E-01         0.109724927E-04
       0.892000000E+01         0.320380509E-01         0.114966639E+00         0.406958199E-03         0.316201175E-01         0.109752708E-04
       0.894000000E+01         0.320157774E-01         0.115008972E+00         0.406968486E-03         0.315978309E-01         0.109780360E-04
       0.896000000E+01         0.319936107E-01         0.115051378E+00         0.406980389E-03         0.315756495E-01         0.109807864E-04
       0.898000000E+01         0.319715502E-01         0.115093843E+00         0.406993810E-03         0.315535728E-01         0.109835200E-04
       0.900000000E+01         0.319495952E-01         0.115136355E+00         0.407008651E-03         0.315316003E-01         0.109862348E-04
       0.902000000E+01         0.319277453E-01         0.115178901E+00         0.407024817E-03         0.315097316E-01         0.109889290E-04
       0.904000000E+01         0.319059998E-01         0.115221467E+00         0.407042211E-03         0.314879660E-01         0.109916007E-04
       0.906000000E+01         0.318843581E-01         0.115264042E+00         0.407060741E-03         0.314663031E-01         0.109942482E-04
       0.908000000E+01         0.318628196E-01         0.115306612E+00         0.407080314E-03         0.314447424E-01         0.109968699E-04
       0.910000000E+01         0.318413838E-01         0.115349166E+00         0.407100841E-03         0.314232835E-01         0.109994641E-04
       0.912000000E+01         0.318200501E-01         0.115391692E+00         0.407122231E-03         0.314019258E-01         0.110020293E-04
       0.914000000E+01         0.317988179E-01         0.115434177E+00         0.407144397E-03         0.313806689E-01         0.110045639E-04
       0.916000000E+01         0.317776867E-01         0.115476611E+00         0.407167253E-03         0.313595124E-01         0.110070665E-04
       0.918000000E+01         0.317566559E-01         0.115518981E+00         0.407190715E-03         0.313384556E-01         0.110095358E-04
       0.920000000E+01         0.317357249E-01         0.115561277E+00         0.407214699E-03         0.313174983E-01         0.110119704E-04
       0.922000000E+01         0.317148933E-01         0.115603487E+00         0.407239124E-03         0.312966399E-01         0.110143691E-04
       0.924000000E+01         0.316941606E-01         0.115645600E+00         0.407263911E-03         0.312758799E-01         0.110167307E-04
       0.926000000E+01         0.316735260E-01         0.115687607E+00         0.407288983E-03         0.312552180E-01         0.110190540E-04
       0.928000000E+01         0.316529893E-01         0.115729497E+00         0.407314262E-03         0.312346537E-01         0.110213380E-04
       0.930000000E+01         0.316325498E-01         0.115771259E+00         0.407339674E-03         0.312141865E-01         0.110235816E-04
       0.932000000E+01         0.316122070E-01         0.115812884E+00         0.407365148E-03         0.311938160E-01         0.110257838E-04
       0.934000000E+01         0.315919604E-01         0.115854363E+00         0.407390612E-03         0.311735418E-01         0.110279438E-04
       0.936000000E+01         0.315718095E-01         0.115895686E+00         0.407415997E-03         0.311533635E-01         0.110300607E-04
       0.938000000E+01         0.315517539E-01         0.115936843E+00         0.407441237E-03         0.311332805E-01         0.110321337E-04
       0.940000000E+01         0.315317930E-01         0.115977827E+00         0.407466266E-03         0.311132926E-01         0.110341621E-04
       0.942000000E+01         0.315119264E-01         0.116018628E+00         0.407491021E-03         0.310933992E-01         0.110361451E-04
       0.944000000E+01         0.314921535E-01         0.116059238E+00         0.407515439E-03         0.310735999E-01         0.110380821E-04
       0.946000000E+01         0.314724739E-01         0.116099649E+00         0.407539463E-03         0.310538944E-01         0.110399726E-04
       0.948000000E+01         0.314528871E-01         0.116139854E+00         0.407563033E-03         0.310342823E-01         0.110418160E-04
       0.950000000E+01         0.314333927E-01         0.116179844E+00         0.407586095E-03         0.310147630E-01         0.110436118E-04
       0.952000000E+01         0.314139901E-01         0.116219612E+00         0.407608593E-03         0.309953362E-01         0.110453596E-04
       0.954000000E+01         0.313946790E-01         0.116259152E+00         0.407630477E-03         0.309760015E-01         0.110470590E-04
       0.956000000E+01         0.313754589E-01         0.116298457E+00         0.407651695E-03         0.309567585E-01         0.110487097E-04
       0.958000000E+01         0.313563293E-01         0.116337519E+00         0.407672201E-03         0.309376068E-01         0.110503113E-04
       0.960000000E+01         0.313372897E-01         0.116376333E+00         0.407691946E-03         0.309185459E-01         0.110518637E-04
       0.962000000E+01         0.313183398E-01         0.116414893E+00         0.407710888E-03         0.308995756E-01         0.110533667E-04
       0.964000000E+01         0.312994791E-01         0.116453194E+00         0.407728983E-03         0.308806953E-01         0.110548201E-04
       0.966000000E+01         0.312807072E-01         0.116491228E+00         0.407746190E-03         0.308619048E-01         0.110562239E-04
       0.968000000E+01         0.312620235E-01         0.116528993E+00         0.407762472E-03         0.308432035E-01         0.110575778E-04
       0.970000000E+01         0.312434278E-01         0.116566481E+00         0.407777790E-03         0.308245911E-01         0.110588821E-04
       0.972000000E+01         0.312249196E-01         0.116603690E+00         0.407792110E-03         0.308060673E-01         0.110601366E-04
       0.974000000E+01         0.312064984E-01         0.116640614E+00         0.407805398E-03         0.307876316E-01         0.110613414E-04
       0.976000000E+01         0.311881638E-01         0.116677249E+00         0.407817623E-03         0.307692837E-01         0.110624967E-04
       0.978000000E+01         0.311699155E-01         0.116713592E+00         0.407828756E-03         0.307510231E-01         0.110636026E-04
       0.980000000E+01         0.311517529E-01         0.116749638E+00         0.407838767E-03         0.307328495E-01         0.110646592E-04
       0.982000000E+01         0.311336758E-01         0.116785384E+00         0.407847632E-03         0.307147625E-01         0.110656669E-04
       0.984000000E+01         0.311156837E-01         0.116820827E+00         0.407855326E-03         0.306967617E-01         0.110666259E-04
       0.986000000E+01         0.310977761E-01         0.116855965E+00         0.407861826E-03         0.306788468E-01         0.110675364E-04
       0.988000000E+01         0.310799528E-01         0.116890794E+00         0.407867111E-03         0.306610173E-01         0.110683989E-04
       0.990000000E+01         0.310622132E-01         0.116925311E+00         0.407871162E-03         0.306432729E-01         0.110692136E-04
       0.992000000E+01         0.310445571E-01         0.116959516E+00         0.407873961E-03         0.306256131E-01         0.110699810E-04
       0.994000000E+01         0.310269839E-01         0.116993405E+00         0.407875493E-03         0.306080377E-01         0.110707015E-04
       0.996000000E+01         0.310094934E-01         0.117026977E+00         0.407875743E-03         0.305905463E-01         0.110713756E-04
       0.998000000E+01         0.309920851E-01         0.117060231E+00         0.407874699E-03         0.305731384E-01         0.110720037E-04
       0.100000000E+02         0.309747587E-01         0.117093165E+00         0.407872348E-03         0.305558138E-01         0.110725865E-04
