 #time, div_L2, div_L2_relative ,weak_div_L2_relative
       0.200000000E-01         0.342258730E+01         0.177927842E+00         0.108045596E-01
       0.400000000E-01         0.374705370E+01         0.214660557E+00         0.798574772E-02
       0.600000000E-01         0.399464497E+01         0.244952893E+00         0.543948210E-02
       0.800000000E-01         0.342785813E+01         0.225507245E+00         0.408008339E-02
       0.100000000E+00         0.298854984E+01         0.208058918E+00         0.308882293E-02
       0.120000000E+00         0.269330433E+01         0.196054410E+00         0.231851911E-02
       0.140000000E+00         0.250739834E+01         0.189100143E+00         0.177071972E-02
       0.160000000E+00         0.238654657E+01         0.185248217E+00         0.140679002E-02
       0.180000000E+00         0.229782979E+01         0.182723083E+00         0.116861393E-02
       0.200000000E+00         0.222498451E+01         0.180637194E+00         0.100435942E-02
       0.220000000E+00         0.216194437E+01         0.178720112E+00         0.879454031E-03
       0.240000000E+00         0.210698843E+01         0.176968139E+00         0.775570564E-03
       0.260000000E+00         0.205971677E+01         0.175446789E+00         0.684720113E-03
       0.280000000E+00         0.201985941E+01         0.174210463E+00         0.604007540E-03
       0.300000000E+00         0.198694877E+01         0.173281605E+00         0.532515779E-03
       0.320000000E+00         0.196032002E+01         0.172653596E+00         0.469834780E-03
       0.340000000E+00         0.193919870E+01         0.172300146E+00         0.415508942E-03
       0.360000000E+00         0.192278550E+01         0.172184297E+00         0.368910515E-03
       0.380000000E+00         0.191031482E+01         0.172265096E+00         0.329274369E-03
       0.400000000E+00         0.190108798E+01         0.172501922E+00         0.295771303E-03
       0.420000000E+00         0.189448816E+01         0.172857018E+00         0.267572369E-03
       0.440000000E+00         0.188998377E+01         0.173296797E+00         0.243892337E-03
       0.460000000E+00         0.188712493E+01         0.173792336E+00         0.224014410E-03
       0.480000000E+00         0.188553621E+01         0.174319367E+00         0.207301671E-03
       0.500000000E+00         0.188490783E+01         0.174857969E+00         0.193199928E-03
       0.520000000E+00         0.188498647E+01         0.175392127E+00         0.181235124E-03
       0.540000000E+00         0.188556685E+01         0.175909236E+00         0.171007458E-03
       0.560000000E+00         0.188648418E+01         0.176399647E+00         0.162183836E-03
       0.580000000E+00         0.188760788E+01         0.176856240E+00         0.154489906E-03
       0.600000000E+00         0.188883627E+01         0.177274067E+00         0.147702499E-03
       0.620000000E+00         0.189009214E+01         0.177650031E+00         0.141642890E-03
       0.640000000E+00         0.189131898E+01         0.177982614E+00         0.136170926E-03
       0.660000000E+00         0.189247766E+01         0.178271613E+00         0.131179847E-03
       0.680000000E+00         0.189354344E+01         0.178517912E+00         0.126591582E-03
       0.700000000E+00         0.189450322E+01         0.178723254E+00         0.122352284E-03
       0.720000000E+00         0.189535310E+01         0.178890033E+00         0.118427967E-03
       0.740000000E+00         0.189609604E+01         0.179021103E+00         0.114800179E-03
       0.760000000E+00         0.189673990E+01         0.179119605E+00         0.111461733E-03
       0.780000000E+00         0.189729565E+01         0.179188814E+00         0.108412562E-03
       0.800000000E+00         0.189777592E+01         0.179232008E+00         0.105655859E-03
       0.820000000E+00         0.189819372E+01         0.179252367E+00         0.103194631E-03
       0.840000000E+00         0.189856158E+01         0.179252890E+00         0.101028876E-03
       0.860000000E+00         0.189889079E+01         0.179236339E+00         0.991535205E-04
       0.880000000E+00         0.189919102E+01         0.179205204E+00         0.975572271E-04
       0.900000000E+00         0.189947002E+01         0.179161685E+00         0.962220982E-04
       0.920000000E+00         0.189973354E+01         0.179107693E+00         0.951242025E-04
       0.940000000E+00         0.189998546E+01         0.179044861E+00         0.942347586E-04
       0.960000000E+00         0.190022787E+01         0.178974564E+00         0.935217526E-04
       0.980000000E+00         0.190046135E+01         0.178897951E+00         0.929517403E-04
       0.100000000E+01         0.190068525E+01         0.178815970E+00         0.924916091E-04
       0.102000000E+01         0.190089797E+01         0.178729409E+00         0.921101227E-04
       0.104000000E+01         0.190109722E+01         0.178638919E+00         0.917791388E-04
       0.106000000E+01         0.190128032E+01         0.178545048E+00         0.914744496E-04
       0.108000000E+01         0.190144440E+01         0.178448269E+00         0.911762520E-04
       0.110000000E+01         0.190158660E+01         0.178348995E+00         0.908692839E-04
       0.112000000E+01         0.190170422E+01         0.178247604E+00         0.905426873E-04
       0.114000000E+01         0.190179480E+01         0.178144448E+00         0.901896623E-04
       0.116000000E+01         0.190185623E+01         0.178039863E+00         0.898069774E-04
       0.118000000E+01         0.190188672E+01         0.177934178E+00         0.893943937E-04
       0.120000000E+01         0.190188487E+01         0.177827714E+00         0.889540509E-04
       0.122000000E+01         0.190184959E+01         0.177720789E+00         0.884898559E-04
       0.124000000E+01         0.190178013E+01         0.177613715E+00         0.880069032E-04
       0.126000000E+01         0.190167598E+01         0.177506797E+00         0.875109506E-04
       0.128000000E+01         0.190153686E+01         0.177400329E+00         0.870079641E-04
       0.130000000E+01         0.190136266E+01         0.177294595E+00         0.865037421E-04
       0.132000000E+01         0.190115340E+01         0.177189865E+00         0.860036218E-04
       0.134000000E+01         0.190090920E+01         0.177086390E+00         0.855122672E-04
       0.136000000E+01         0.190063023E+01         0.176984407E+00         0.850335341E-04
       0.138000000E+01         0.190031672E+01         0.176884130E+00         0.845704040E-04
       0.140000000E+01         0.189996891E+01         0.176785758E+00         0.841249778E-04
       0.142000000E+01         0.189958706E+01         0.176689468E+00         0.836985171E-04
       0.144000000E+01         0.189917144E+01         0.176595423E+00         0.832915219E-04
       0.146000000E+01         0.189872235E+01         0.176503765E+00         0.829038336E-04
       0.148000000E+01         0.189824011E+01         0.176414623E+00         0.825347510E-04
       0.150000000E+01         0.189772506E+01         0.176328112E+00         0.821831523E-04
       0.152000000E+01         0.189717759E+01         0.176244336E+00         0.818476133E-04
       0.154000000E+01         0.189659816E+01         0.176163387E+00         0.815265168E-04
       0.156000000E+01         0.189598727E+01         0.176085352E+00         0.812181498E-04
       0.158000000E+01         0.189534550E+01         0.176010307E+00         0.809207843E-04
       0.160000000E+01         0.189467352E+01         0.175938326E+00         0.806327425E-04
       0.162000000E+01         0.189397207E+01         0.175869477E+00         0.803524455E-04
       0.164000000E+01         0.189324199E+01         0.175803826E+00         0.800784465E-04
       0.166000000E+01         0.189248419E+01         0.175741435E+00         0.798094510E-04
       0.168000000E+01         0.189169968E+01         0.175682365E+00         0.795443248E-04
       0.170000000E+01         0.189088956E+01         0.175626675E+00         0.792820926E-04
       0.172000000E+01         0.189005497E+01         0.175574424E+00         0.790219297E-04
       0.174000000E+01         0.188919715E+01         0.175525666E+00         0.787631473E-04
       0.176000000E+01         0.188831740E+01         0.175480455E+00         0.785051752E-04
       0.178000000E+01         0.188741705E+01         0.175438845E+00         0.782475413E-04
       0.180000000E+01         0.188649747E+01         0.175400883E+00         0.779898518E-04
       0.182000000E+01         0.188556008E+01         0.175366617E+00         0.777317704E-04
       0.184000000E+01         0.188460632E+01         0.175336090E+00         0.774730010E-04
       0.186000000E+01         0.188363760E+01         0.175309342E+00         0.772132710E-04
       0.188000000E+01         0.188265538E+01         0.175286408E+00         0.769523192E-04
       0.190000000E+01         0.188166109E+01         0.175267319E+00         0.766898856E-04
       0.192000000E+01         0.188065613E+01         0.175252103E+00         0.764257055E-04
       0.194000000E+01         0.187964192E+01         0.175240781E+00         0.761595063E-04
       0.196000000E+01         0.187861979E+01         0.175233370E+00         0.758910066E-04
       0.198000000E+01         0.187759110E+01         0.175229881E+00         0.756199179E-04
       0.200000000E+01         0.187655713E+01         0.175230321E+00         0.753459478E-04
       0.202000000E+01         0.187551912E+01         0.175234691E+00         0.750688038E-04
       0.204000000E+01         0.187447828E+01         0.175242988E+00         0.747881987E-04
       0.206000000E+01         0.187343577E+01         0.175255200E+00         0.745038552E-04
       0.208000000E+01         0.187239268E+01         0.175271315E+00         0.742155113E-04
       0.210000000E+01         0.187135006E+01         0.175291313E+00         0.739229252E-04
       0.212000000E+01         0.187030891E+01         0.175315169E+00         0.736258792E-04
       0.214000000E+01         0.186927016E+01         0.175342855E+00         0.733241840E-04
       0.216000000E+01         0.186823470E+01         0.175374336E+00         0.730176804E-04
       0.218000000E+01         0.186720336E+01         0.175409574E+00         0.727062412E-04
       0.220000000E+01         0.186617688E+01         0.175448526E+00         0.723897716E-04
       0.222000000E+01         0.186515600E+01         0.175491146E+00         0.720682083E-04
       0.224000000E+01         0.186414135E+01         0.175537383E+00         0.717415186E-04
       0.226000000E+01         0.186313354E+01         0.175587183E+00         0.714096983E-04
       0.228000000E+01         0.186213309E+01         0.175640486E+00         0.710727702E-04
       0.230000000E+01         0.186114049E+01         0.175697231E+00         0.707307820E-04
       0.232000000E+01         0.186015616E+01         0.175757354E+00         0.703838051E-04
       0.234000000E+01         0.185918048E+01         0.175820785E+00         0.700319322E-04
       0.236000000E+01         0.185821375E+01         0.175887454E+00         0.696752757E-04
       0.238000000E+01         0.185725625E+01         0.175957287E+00         0.693139658E-04
       0.240000000E+01         0.185630818E+01         0.176030207E+00         0.689481474E-04
       0.242000000E+01         0.185536971E+01         0.176106136E+00         0.685779776E-04
       0.244000000E+01         0.185444095E+01         0.176184993E+00         0.682036237E-04
       0.246000000E+01         0.185352198E+01         0.176266695E+00         0.678252599E-04
       0.248000000E+01         0.185261283E+01         0.176351158E+00         0.674430667E-04
       0.250000000E+01         0.185171348E+01         0.176438296E+00         0.670572295E-04
       0.252000000E+01         0.185082387E+01         0.176528021E+00         0.666679385E-04
       0.254000000E+01         0.184994393E+01         0.176620246E+00         0.662753894E-04
       0.256000000E+01         0.184907353E+01         0.176714881E+00         0.658797831E-04
       0.258000000E+01         0.184821252E+01         0.176811837E+00         0.654813264E-04
       0.260000000E+01         0.184736072E+01         0.176911025E+00         0.650802311E-04
       0.262000000E+01         0.184651792E+01         0.177012353E+00         0.646767140E-04
       0.264000000E+01         0.184568390E+01         0.177115733E+00         0.642709950E-04
       0.266000000E+01         0.184485840E+01         0.177221075E+00         0.638632970E-04
       0.268000000E+01         0.184404116E+01         0.177328289E+00         0.634538445E-04
       0.270000000E+01         0.184323189E+01         0.177437287E+00         0.630428637E-04
       0.272000000E+01         0.184243031E+01         0.177547981E+00         0.626305830E-04
       0.274000000E+01         0.184163611E+01         0.177660285E+00         0.622172338E-04
       0.276000000E+01         0.184084898E+01         0.177774114E+00         0.618030507E-04
       0.278000000E+01         0.184006859E+01         0.177889382E+00         0.613882717E-04
       0.280000000E+01         0.183929464E+01         0.178006008E+00         0.609731380E-04
       0.282000000E+01         0.183852680E+01         0.178123910E+00         0.605578921E-04
       0.284000000E+01         0.183776474E+01         0.178243008E+00         0.601427767E-04
       0.286000000E+01         0.183700816E+01         0.178363224E+00         0.597280316E-04
       0.288000000E+01         0.183625673E+01         0.178484482E+00         0.593138929E-04
       0.290000000E+01         0.183551014E+01         0.178606707E+00         0.589005909E-04
       0.292000000E+01         0.183476810E+01         0.178729828E+00         0.584883501E-04
       0.294000000E+01         0.183403031E+01         0.178853772E+00         0.580773890E-04
       0.296000000E+01         0.183329649E+01         0.178978473E+00         0.576679206E-04
       0.298000000E+01         0.183256638E+01         0.179103863E+00         0.572601527E-04
       0.300000000E+01         0.183183971E+01         0.179229878E+00         0.568542880E-04
       0.302000000E+01         0.183111624E+01         0.179356455E+00         0.564505230E-04
       0.304000000E+01         0.183039575E+01         0.179483534E+00         0.560490472E-04
       0.306000000E+01         0.182967802E+01         0.179611056E+00         0.556500409E-04
       0.308000000E+01         0.182896286E+01         0.179738966E+00         0.552536736E-04
       0.310000000E+01         0.182825008E+01         0.179867208E+00         0.548601029E-04
       0.312000000E+01         0.182753953E+01         0.179995730E+00         0.544694733E-04
       0.314000000E+01         0.182683106E+01         0.180124482E+00         0.540819164E-04
       0.316000000E+01         0.182612454E+01         0.180253415E+00         0.536975516E-04
       0.318000000E+01         0.182541988E+01         0.180382482E+00         0.533164867E-04
       0.320000000E+01         0.182471697E+01         0.180511639E+00         0.529388191E-04
       0.322000000E+01         0.182401575E+01         0.180640841E+00         0.525646365E-04
       0.324000000E+01         0.182331617E+01         0.180770048E+00         0.521940174E-04
       0.326000000E+01         0.182261819E+01         0.180899219E+00         0.518270308E-04
       0.328000000E+01         0.182192179E+01         0.181028316E+00         0.514637369E-04
       0.330000000E+01         0.182122698E+01         0.181157301E+00         0.511041865E-04
       0.332000000E+01         0.182053377E+01         0.181286139E+00         0.507484217E-04
       0.334000000E+01         0.181984219E+01         0.181414795E+00         0.503964763E-04
       0.336000000E+01         0.181915230E+01         0.181543236E+00         0.500483764E-04
       0.338000000E+01         0.181846415E+01         0.181671430E+00         0.497041411E-04
       0.340000000E+01         0.181777782E+01         0.181799344E+00         0.493637832E-04
       0.342000000E+01         0.181709339E+01         0.181926949E+00         0.490273091E-04
       0.344000000E+01         0.181641099E+01         0.182054216E+00         0.486947190E-04
       0.346000000E+01         0.181573070E+01         0.182181115E+00         0.483660058E-04
       0.348000000E+01         0.181505267E+01         0.182307620E+00         0.480411555E-04
       0.350000000E+01         0.181437703E+01         0.182433702E+00         0.477201464E-04
       0.352000000E+01         0.181370391E+01         0.182559334E+00         0.474029503E-04
       0.354000000E+01         0.181303348E+01         0.182684492E+00         0.470895326E-04
       0.356000000E+01         0.181236587E+01         0.182809148E+00         0.467798549E-04
       0.358000000E+01         0.181170127E+01         0.182933277E+00         0.464738759E-04
       0.360000000E+01         0.181103982E+01         0.183056853E+00         0.461715542E-04
       0.362000000E+01         0.181038170E+01         0.183179851E+00         0.458728489E-04
       0.364000000E+01         0.180972706E+01         0.183302246E+00         0.455777217E-04
       0.366000000E+01         0.180907608E+01         0.183424011E+00         0.452861375E-04
       0.368000000E+01         0.180842891E+01         0.183545121E+00         0.449980649E-04
       0.370000000E+01         0.180778572E+01         0.183665550E+00         0.447134770E-04
       0.372000000E+01         0.180714666E+01         0.183785272E+00         0.444323514E-04
       0.374000000E+01         0.180651188E+01         0.183904259E+00         0.441546712E-04
       0.376000000E+01         0.180588153E+01         0.184022486E+00         0.438804243E-04
       0.378000000E+01         0.180525576E+01         0.184139926E+00         0.436096031E-04
       0.380000000E+01         0.180463470E+01         0.184256552E+00         0.433422030E-04
       0.382000000E+01         0.180401848E+01         0.184372336E+00         0.430782202E-04
       0.384000000E+01         0.180340724E+01         0.184487252E+00         0.428176483E-04
       0.386000000E+01         0.180280110E+01         0.184601273E+00         0.425604758E-04
       0.388000000E+01         0.180220017E+01         0.184714372E+00         0.423066823E-04
       0.390000000E+01         0.180160456E+01         0.184826522E+00         0.420562375E-04
       0.392000000E+01         0.180101440E+01         0.184937696E+00         0.418091003E-04
       0.394000000E+01         0.180042977E+01         0.185047869E+00         0.415652201E-04
       0.396000000E+01         0.179985076E+01         0.185157013E+00         0.413245409E-04
       0.398000000E+01         0.179927748E+01         0.185265103E+00         0.410870050E-04
       0.400000000E+01         0.179871000E+01         0.185372114E+00         0.408525586E-04
       0.402000000E+01         0.179814838E+01         0.185478018E+00         0.406211566E-04
       0.404000000E+01         0.179759269E+01         0.185582791E+00         0.403927658E-04
       0.406000000E+01         0.179704298E+01         0.185686407E+00         0.401673673E-04
       0.408000000E+01         0.179649928E+01         0.185788839E+00         0.399449550E-04
       0.410000000E+01         0.179596162E+01         0.185890062E+00         0.397255333E-04
       0.412000000E+01         0.179543001E+01         0.185990050E+00         0.395091118E-04
       0.414000000E+01         0.179490445E+01         0.186088778E+00         0.392956998E-04
       0.416000000E+01         0.179438494E+01         0.186186219E+00         0.390853008E-04
       0.418000000E+01         0.179387145E+01         0.186282349E+00         0.388779065E-04
       0.420000000E+01         0.179336395E+01         0.186377144E+00         0.386734944E-04
       0.422000000E+01         0.179286241E+01         0.186470578E+00         0.384720254E-04
       0.424000000E+01         0.179236679E+01         0.186562629E+00         0.382734448E-04
       0.426000000E+01         0.179187705E+01         0.186653276E+00         0.380776841E-04
       0.428000000E+01         0.179139314E+01         0.186742496E+00         0.378846644E-04
       0.430000000E+01         0.179091501E+01         0.186830271E+00         0.376942996E-04
       0.432000000E+01         0.179044260E+01         0.186916582E+00         0.375065006E-04
       0.434000000E+01         0.178997585E+01         0.187001411E+00         0.373211776E-04
       0.436000000E+01         0.178951472E+01         0.187084742E+00         0.371382422E-04
       0.438000000E+01         0.178905912E+01         0.187166560E+00         0.369576089E-04
       0.440000000E+01         0.178860899E+01         0.187246851E+00         0.367791958E-04
       0.442000000E+01         0.178816425E+01         0.187325601E+00         0.366029246E-04
       0.444000000E+01         0.178772482E+01         0.187402799E+00         0.364287207E-04
       0.446000000E+01         0.178729061E+01         0.187478432E+00         0.362565134E-04
       0.448000000E+01         0.178686153E+01         0.187552491E+00         0.360862355E-04
       0.450000000E+01         0.178643746E+01         0.187624965E+00         0.359178232E-04
       0.452000000E+01         0.178601830E+01         0.187695845E+00         0.357512158E-04
       0.454000000E+01         0.178560394E+01         0.187765124E+00         0.355863544E-04
       0.456000000E+01         0.178519426E+01         0.187832794E+00         0.354231806E-04
       0.458000000E+01         0.178478912E+01         0.187898850E+00         0.352616347E-04
       0.460000000E+01         0.178438841E+01         0.187963286E+00         0.351016539E-04
       0.462000000E+01         0.178399200E+01         0.188026100E+00         0.349431703E-04
       0.464000000E+01         0.178359977E+01         0.188087288E+00         0.347861093E-04
       0.466000000E+01         0.178321158E+01         0.188146851E+00         0.346303891E-04
       0.468000000E+01         0.178282731E+01         0.188204789E+00         0.344759202E-04
       0.470000000E+01         0.178244684E+01         0.188261105E+00         0.343226063E-04
       0.472000000E+01         0.178207006E+01         0.188315802E+00         0.341703460E-04
       0.474000000E+01         0.178169685E+01         0.188368887E+00         0.340190343E-04
       0.476000000E+01         0.178132710E+01         0.188420365E+00         0.338685654E-04
       0.478000000E+01         0.178096070E+01         0.188470247E+00         0.337188346E-04
       0.480000000E+01         0.178059754E+01         0.188518542E+00         0.335697406E-04
       0.482000000E+01         0.178023752E+01         0.188565261E+00         0.334211874E-04
       0.484000000E+01         0.177988055E+01         0.188610416E+00         0.332730851E-04
       0.486000000E+01         0.177952651E+01         0.188654023E+00         0.331253503E-04
       0.488000000E+01         0.177917532E+01         0.188696094E+00         0.329779067E-04
       0.490000000E+01         0.177882687E+01         0.188736647E+00         0.328306843E-04
       0.492000000E+01         0.177848107E+01         0.188775698E+00         0.326836186E-04
       0.494000000E+01         0.177813782E+01         0.188813265E+00         0.325366498E-04
       0.496000000E+01         0.177779703E+01         0.188849367E+00         0.323897215E-04
       0.498000000E+01         0.177745860E+01         0.188884023E+00         0.322427798E-04
       0.500000000E+01         0.177712245E+01         0.188917254E+00         0.320957727E-04
       0.502000000E+01         0.177678848E+01         0.188949082E+00         0.319486493E-04
       0.504000000E+01         0.177645661E+01         0.188979529E+00         0.318013600E-04
       0.506000000E+01         0.177612676E+01         0.189008617E+00         0.316538562E-04
       0.508000000E+01         0.177579884E+01         0.189036371E+00         0.315060909E-04
       0.510000000E+01         0.177547278E+01         0.189062817E+00         0.313580195E-04
       0.512000000E+01         0.177514850E+01         0.189087978E+00         0.312096000E-04
       0.514000000E+01         0.177482592E+01         0.189111882E+00         0.310607935E-04
       0.516000000E+01         0.177450498E+01         0.189134556E+00         0.309115647E-04
       0.518000000E+01         0.177418562E+01         0.189156028E+00         0.307618818E-04
       0.520000000E+01         0.177386777E+01         0.189176325E+00         0.306117163E-04
       0.522000000E+01         0.177355138E+01         0.189195477E+00         0.304610422E-04
       0.524000000E+01         0.177323638E+01         0.189213513E+00         0.303098358E-04
       0.526000000E+01         0.177292273E+01         0.189230463E+00         0.301580748E-04
       0.528000000E+01         0.177261038E+01         0.189246359E+00         0.300057375E-04
       0.530000000E+01         0.177229929E+01         0.189261230E+00         0.298528023E-04
       0.532000000E+01         0.177198941E+01         0.189275109E+00         0.296992474E-04
       0.534000000E+01         0.177168072E+01         0.189288028E+00         0.295450504E-04
       0.536000000E+01         0.177137318E+01         0.189300019E+00         0.293901890E-04
       0.538000000E+01         0.177106676E+01         0.189311114E+00         0.292346407E-04
       0.540000000E+01         0.177076145E+01         0.189321348E+00         0.290783839E-04
       0.542000000E+01         0.177045721E+01         0.189330752E+00         0.289213983E-04
       0.544000000E+01         0.177015405E+01         0.189339362E+00         0.287636658E-04
       0.546000000E+01         0.176985193E+01         0.189347209E+00         0.286051713E-04
       0.548000000E+01         0.176955086E+01         0.189354329E+00         0.284459034E-04
       0.550000000E+01         0.176925083E+01         0.189360754E+00         0.282858550E-04
       0.552000000E+01         0.176895182E+01         0.189366519E+00         0.281250235E-04
       0.554000000E+01         0.176865385E+01         0.189371658E+00         0.279634111E-04
       0.556000000E+01         0.176835691E+01         0.189376203E+00         0.278010247E-04
       0.558000000E+01         0.176806101E+01         0.189380189E+00         0.276378752E-04
       0.560000000E+01         0.176776614E+01         0.189383648E+00         0.274739766E-04
       0.562000000E+01         0.176747231E+01         0.189386613E+00         0.273093456E-04
       0.564000000E+01         0.176717952E+01         0.189389116E+00         0.271440001E-04
       0.566000000E+01         0.176688779E+01         0.189391191E+00         0.269779581E-04
       0.568000000E+01         0.176659713E+01         0.189392868E+00         0.268112372E-04
       0.570000000E+01         0.176630754E+01         0.189394180E+00         0.266438538E-04
       0.572000000E+01         0.176601903E+01         0.189395156E+00         0.264758224E-04
       0.574000000E+01         0.176573163E+01         0.189395829E+00         0.263071563E-04
       0.576000000E+01         0.176544533E+01         0.189396228E+00         0.261378678E-04
       0.578000000E+01         0.176516016E+01         0.189396382E+00         0.259679689E-04
       0.580000000E+01         0.176487614E+01         0.189396321E+00         0.257974721E-04
       0.582000000E+01         0.176459328E+01         0.189396073E+00         0.256263917E-04
       0.584000000E+01         0.176431160E+01         0.189395668E+00         0.254547448E-04
       0.586000000E+01         0.176403112E+01         0.189395132E+00         0.252825515E-04
       0.588000000E+01         0.176375185E+01         0.189394492E+00         0.251098357E-04
       0.590000000E+01         0.176347383E+01         0.189393775E+00         0.249366250E-04
       0.592000000E+01         0.176319707E+01         0.189393006E+00         0.247629506E-04
       0.594000000E+01         0.176292160E+01         0.189392212E+00         0.245888462E-04
       0.596000000E+01         0.176264743E+01         0.189391415E+00         0.244143476E-04
       0.598000000E+01         0.176237459E+01         0.189390640E+00         0.242394914E-04
       0.600000000E+01         0.176210311E+01         0.189389911E+00         0.240643142E-04
       0.602000000E+01         0.176183299E+01         0.189389248E+00         0.238888518E-04
       0.604000000E+01         0.176156428E+01         0.189388675E+00         0.237131381E-04
       0.606000000E+01         0.176129699E+01         0.189388212E+00         0.235372049E-04
       0.608000000E+01         0.176103115E+01         0.189387879E+00         0.233610820E-04
       0.610000000E+01         0.176076677E+01         0.189387696E+00         0.231847967E-04
       0.612000000E+01         0.176050388E+01         0.189387680E+00         0.230083748E-04
       0.614000000E+01         0.176024251E+01         0.189387851E+00         0.228318406E-04
       0.616000000E+01         0.175998267E+01         0.189388226E+00         0.226552182E-04
       0.618000000E+01         0.175972440E+01         0.189388820E+00         0.224785316E-04
       0.620000000E+01         0.175946770E+01         0.189389649E+00         0.223018061E-04
       0.622000000E+01         0.175921261E+01         0.189390728E+00         0.221250684E-04
       0.624000000E+01         0.175895913E+01         0.189392072E+00         0.219483476E-04
       0.626000000E+01         0.175870730E+01         0.189393692E+00         0.217716753E-04
       0.628000000E+01         0.175845713E+01         0.189395603E+00         0.215950861E-04
       0.630000000E+01         0.175820864E+01         0.189397814E+00         0.214186173E-04
       0.632000000E+01         0.175796185E+01         0.189400338E+00         0.212423089E-04
       0.634000000E+01         0.175771676E+01         0.189403183E+00         0.210662035E-04
       0.636000000E+01         0.175747340E+01         0.189406359E+00         0.208903456E-04
       0.638000000E+01         0.175723178E+01         0.189409875E+00         0.207147812E-04
       0.640000000E+01         0.175699191E+01         0.189413738E+00         0.205395575E-04
       0.642000000E+01         0.175675381E+01         0.189417954E+00         0.203647218E-04
       0.644000000E+01         0.175651748E+01         0.189422530E+00         0.201903214E-04
       0.646000000E+01         0.175628293E+01         0.189427471E+00         0.200164030E-04
       0.648000000E+01         0.175605016E+01         0.189432781E+00         0.198430122E-04
       0.650000000E+01         0.175581920E+01         0.189438465E+00         0.196701931E-04
       0.652000000E+01         0.175559004E+01         0.189444525E+00         0.194979881E-04
       0.654000000E+01         0.175536269E+01         0.189450965E+00         0.193264378E-04
       0.656000000E+01         0.175513715E+01         0.189457784E+00         0.191555809E-04
       0.658000000E+01         0.175491343E+01         0.189464986E+00         0.189854541E-04
       0.660000000E+01         0.175469154E+01         0.189472571E+00         0.188160923E-04
       0.662000000E+01         0.175447146E+01         0.189480538E+00         0.186475288E-04
       0.664000000E+01         0.175425322E+01         0.189488886E+00         0.184797954E-04
       0.666000000E+01         0.175403680E+01         0.189497616E+00         0.183129226E-04
       0.668000000E+01         0.175382221E+01         0.189506725E+00         0.181469401E-04
       0.670000000E+01         0.175360946E+01         0.189516210E+00         0.179818768E-04
       0.672000000E+01         0.175339853E+01         0.189526069E+00         0.178177609E-04
       0.674000000E+01         0.175318943E+01         0.189536300E+00         0.176546204E-04
       0.676000000E+01         0.175298216E+01         0.189546897E+00         0.174924829E-04
       0.678000000E+01         0.175277672E+01         0.189557856E+00         0.173313763E-04
       0.680000000E+01         0.175257309E+01         0.189569174E+00         0.171713279E-04
       0.682000000E+01         0.175237128E+01         0.189580845E+00         0.170123653E-04
       0.684000000E+01         0.175217128E+01         0.189592862E+00         0.168545162E-04
       0.686000000E+01         0.175197308E+01         0.189605221E+00         0.166978079E-04
       0.688000000E+01         0.175177668E+01         0.189617913E+00         0.165422679E-04
       0.690000000E+01         0.175158206E+01         0.189630934E+00         0.163879233E-04
       0.692000000E+01         0.175138922E+01         0.189644274E+00         0.162348010E-04
       0.694000000E+01         0.175119815E+01         0.189657927E+00         0.160829275E-04
       0.696000000E+01         0.175100882E+01         0.189671884E+00         0.159323288E-04
       0.698000000E+01         0.175082124E+01         0.189686137E+00         0.157830303E-04
       0.700000000E+01         0.175063539E+01         0.189700677E+00         0.156350568E-04
       0.702000000E+01         0.175045125E+01         0.189715496E+00         0.154884320E-04
       0.704000000E+01         0.175026880E+01         0.189730583E+00         0.153431789E-04
       0.706000000E+01         0.175008804E+01         0.189745930E+00         0.151993194E-04
       0.708000000E+01         0.174990893E+01         0.189761526E+00         0.150568743E-04
       0.710000000E+01         0.174973148E+01         0.189777362E+00         0.149158632E-04
       0.712000000E+01         0.174955564E+01         0.189793428E+00         0.147763043E-04
       0.714000000E+01         0.174938142E+01         0.189809712E+00         0.146382145E-04
       0.716000000E+01         0.174920878E+01         0.189826205E+00         0.145016094E-04
       0.718000000E+01         0.174903771E+01         0.189842897E+00         0.143665030E-04
       0.720000000E+01         0.174886819E+01         0.189859776E+00         0.142329076E-04
       0.722000000E+01         0.174870019E+01         0.189876831E+00         0.141008344E-04
       0.724000000E+01         0.174853371E+01         0.189894053E+00         0.139702926E-04
       0.726000000E+01         0.174836871E+01         0.189911429E+00         0.138412903E-04
       0.728000000E+01         0.174820517E+01         0.189928950E+00         0.137138338E-04
       0.730000000E+01         0.174804308E+01         0.189946604E+00         0.135879279E-04
       0.732000000E+01         0.174788242E+01         0.189964380E+00         0.134635763E-04
       0.734000000E+01         0.174772316E+01         0.189982268E+00         0.133407812E-04
       0.736000000E+01         0.174756529E+01         0.190000257E+00         0.132195435E-04
       0.738000000E+01         0.174740878E+01         0.190018336E+00         0.130998631E-04
       0.740000000E+01         0.174725361E+01         0.190036494E+00         0.129817387E-04
       0.742000000E+01         0.174709977E+01         0.190054721E+00         0.128651684E-04
       0.744000000E+01         0.174694723E+01         0.190073006E+00         0.127501491E-04
       0.746000000E+01         0.174679597E+01         0.190091338E+00         0.126366774E-04
       0.748000000E+01         0.174664597E+01         0.190109708E+00         0.125247492E-04
       0.750000000E+01         0.174649721E+01         0.190128105E+00         0.124143598E-04
       0.752000000E+01         0.174634968E+01         0.190146519E+00         0.123055042E-04
       0.754000000E+01         0.174620335E+01         0.190164939E+00         0.121981773E-04
       0.756000000E+01         0.174605820E+01         0.190183357E+00         0.120923736E-04
       0.758000000E+01         0.174591421E+01         0.190201761E+00         0.119880874E-04
       0.760000000E+01         0.174577136E+01         0.190220143E+00         0.118853128E-04
       0.762000000E+01         0.174562964E+01         0.190238493E+00         0.117840441E-04
       0.764000000E+01         0.174548901E+01         0.190256801E+00         0.116842751E-04
       0.766000000E+01         0.174534947E+01         0.190275059E+00         0.115859998E-04
       0.768000000E+01         0.174521099E+01         0.190293256E+00         0.114892119E-04
       0.770000000E+01         0.174507355E+01         0.190311385E+00         0.113939051E-04
       0.772000000E+01         0.174493714E+01         0.190329437E+00         0.113000729E-04
       0.774000000E+01         0.174480172E+01         0.190347402E+00         0.112077086E-04
       0.776000000E+01         0.174466729E+01         0.190365273E+00         0.111168055E-04
       0.778000000E+01         0.174453382E+01         0.190383041E+00         0.110273565E-04
       0.780000000E+01         0.174440130E+01         0.190400699E+00         0.109393543E-04
       0.782000000E+01         0.174426970E+01         0.190418238E+00         0.108527914E-04
       0.784000000E+01         0.174413900E+01         0.190435651E+00         0.107676600E-04
       0.786000000E+01         0.174400920E+01         0.190452931E+00         0.106839520E-04
       0.788000000E+01         0.174388026E+01         0.190470070E+00         0.106016591E-04
       0.790000000E+01         0.174375217E+01         0.190487061E+00         0.105207724E-04
