   2.0000000000000004E-002  0.15994762512934443     
   4.0000000000000022E-002  0.15884900928272624     
   6.0000000000000039E-002  0.15805434485930306     
   8.0000000000000057E-002  0.15760917619461470     
  0.10000000000000007       0.15728162456923092     
  0.12000000000000009       0.15699189488530899     
  0.14000000000000010       0.15670934002687492     
  0.16000000000000011       0.15642391534303196     
  0.18000000000000013       0.15613369823481699     
  0.20000000000000015       0.15583893042815611     
  0.22000000000000017       0.15554012753715954     
  0.24000000000000019       0.15523770831271819     
  0.26000000000000018       0.15493199294946183     
  0.28000000000000019       0.15462323500179764     
  0.30000000000000021       0.15431163059026257     
  0.32000000000000023       0.15399731520095078     
  0.34000000000000025       0.15368036182679568     
  0.36000000000000026       0.15336078591222108     
  0.38000000000000028       0.15303855643821421     
  0.40000000000000030       0.15271361013855372     
  0.42000000000000032       0.15238586588895481     
  0.44000000000000034       0.15205523730747814     
  0.46000000000000035       0.15172164267316993     
  0.48000000000000037       0.15138501205042101     
  0.50000000000000033       0.15104529194392186     
  0.52000000000000035       0.15070244797919016     
  0.54000000000000037       0.15035646611078460     
  0.56000000000000039       0.15000735279015229     
  0.58000000000000040       0.14965513443274689     
  0.60000000000000042       0.14929985643764121     
  0.62000000000000044       0.14894158194256110     
  0.64000000000000046       0.14858039044380109     
  0.66000000000000048       0.14821637637058910     
  0.68000000000000049       0.14784964767365433     
  0.70000000000000051       0.14748032446522005     
  0.72000000000000053       0.14710853773039373     
  0.74000000000000055       0.14673442811718604     
  0.76000000000000056       0.14635814480329781     
  0.78000000000000058       0.14597984443188491     
  0.80000000000000060       0.14559969010540921     
  0.82000000000000062       0.14521785042557087     
  0.84000000000000064       0.14483449856802744     
  0.86000000000000065       0.14444981138229857     
  0.88000000000000067       0.14406396850973968     
  0.90000000000000069       0.14367715151525226     
  0.92000000000000071       0.14328954303111818     
  0.94000000000000072       0.14290132591395868     
  0.96000000000000074       0.14251268241796952     
  0.98000000000000076       0.14212379338923661     
   1.0000000000000007       0.14173483748711158     
   1.0200000000000007       0.14134599043918855     
   1.0400000000000007       0.14095742433655908     
   1.0600000000000007       0.14056930697562703     
   1.0800000000000007       0.14018180125212149     
   1.1000000000000008       0.13979506461192132     
   1.1200000000000008       0.13940924856220344     
   1.1400000000000008       0.13902449824519597     
   1.1600000000000008       0.13864095207553906     
   1.1800000000000008       0.13825874144118858     
   1.2000000000000008       0.13787799046658661     
   1.2200000000000009       0.13749881583608162     
   1.2400000000000009       0.13712132667470639     
   1.2600000000000009       0.13674562448293395     
   1.2800000000000009       0.13637180312164310     
   1.3000000000000009       0.13599994884326133     
   1.3200000000000010       0.13563014036498702     
   1.3400000000000010       0.13526244897999704     
   1.3600000000000010       0.13489693870263608     
   1.3800000000000010       0.13453366644376258     
   1.4000000000000010       0.13417268221256101     
   1.4200000000000010       0.13381402934144229     
   1.4400000000000011       0.13345774473076241     
   1.4600000000000011       0.13310385911039468     
   1.4800000000000011       0.13275239731535868     
   1.5000000000000011       0.13240337857291859     
   1.5200000000000011       0.13205681679868200     
   1.5400000000000011       0.13171272089948222     
   1.5600000000000012       0.13137109508084430     
   1.5800000000000012       0.13103193915704406     
   1.6000000000000012       0.13069524886184311     
   1.6200000000000012       0.13036101615809717     
   1.6400000000000012       0.13002922954455731     
   1.6600000000000013       0.12969987435828309     
   1.6800000000000013       0.12937293307119319     
   1.7000000000000013       0.12904838557941009     
   1.7200000000000013       0.12872620948415495     
   1.7400000000000013       0.12840638036308313     
   1.7600000000000013       0.12808887203107330     
   1.7800000000000014       0.12777365678958191     
   1.8000000000000014       0.12746070566387868     
   1.8200000000000014       0.12714998862751775     
   1.8400000000000014       0.12684147481360705     
   1.8600000000000014       0.12653513271254729     
   1.8800000000000014       0.12623093035606578     
   1.9000000000000015       0.12592883548742451     
   1.9200000000000015       0.12562881571794271     
   1.9400000000000015       0.12533083866993391     
   1.9600000000000015       0.12503487210636002     
   1.9800000000000015       0.12474088404756536     
   2.0000000000000013       0.12444884287553674     
   2.0199999999999991       0.12415871742617016     
   2.0399999999999969       0.12387047707016803     
   2.0599999999999947       0.12358409178312896     
   2.0799999999999925       0.12329953220551022     
   2.0999999999999903       0.12301676969313072     
   2.1199999999999881       0.12273577635889503     
   2.1399999999999859       0.12245652510643713     
   2.1599999999999837       0.12217898965636217     
   2.1799999999999815       0.12190314456575727     
   2.1999999999999793       0.12162896524162219     
   2.2199999999999771       0.12135642794884385     
   2.2399999999999749       0.12108550981331455     
   2.2599999999999727       0.12081618882077418     
   2.2799999999999705       0.12054844381189171     
   2.2999999999999683       0.12028225447410283     
   2.3199999999999661       0.12001760133068667     
   2.3399999999999639       0.11975446572747186     
   2.3599999999999617       0.11949282981757660     
   2.3799999999999595       0.11923267654453566     
   2.3999999999999573       0.11897398962409601     
   2.4199999999999551       0.11871675352496214     
   2.4399999999999529       0.11846095344871752     
   2.4599999999999507       0.11820657530914400     
   2.4799999999999485       0.11795360571109599     
   2.4999999999999463       0.11770203192908955     
   2.5199999999999441       0.11745184188575403     
   2.5399999999999419       0.11720302413021681     
   2.5599999999999397       0.11695556781653152     
   2.5799999999999375       0.11670946268218563     
   2.5999999999999353       0.11646469902674234     
   2.6199999999999330       0.11622126769063382     
   2.6399999999999308       0.11597916003411617     
   2.6599999999999286       0.11573836791641276     
   2.6799999999999264       0.11549888367502414     
   2.6999999999999242       0.11526070010522502     
   2.7199999999999220       0.11502381043974180     
   2.7399999999999198       0.11478820832859249     
   2.7599999999999176       0.11455388781908203     
   2.7799999999999154       0.11432084333591909     
   2.7999999999999132       0.11408906966144562     
   2.8199999999999110       0.11385856191592772     
   2.8399999999999088       0.11362931553790123     
   2.8599999999999066       0.11340132626455275     
   2.8799999999999044       0.11317459011212432     
   2.8999999999999022       0.11294910335635219     
   2.9199999999999000       0.11272486251293401     
   2.9399999999998978       0.11250186431805689     
   2.9599999999998956       0.11228010570898234     
   2.9799999999998934       0.11205958380470966     
   2.9999999999998912       0.11184029588672297     
   3.0199999999998890       0.11162223937983760     
   3.0399999999998868       0.11140541183316344     
   3.0599999999998846       0.11118981090119461     
   3.0799999999998824       0.11097543432508383     
   3.0999999999998802       0.11076227991411854     
   3.1199999999998780       0.11055034552747563     
   3.1399999999998758       0.11033962905628954     
   3.1599999999998736       0.11013012840611552     
   3.1799999999998714       0.10992184147983208     
   3.1999999999998692       0.10971476616103366     
   3.2199999999998670       0.10950890029796362     
   3.2399999999998648       0.10930424168802159     
   3.2599999999998626       0.10910078806286520     
   3.2799999999998604       0.10889853707415886     
   3.2999999999998582       0.10869748627997498     
   3.3199999999998560       0.10849763313189051     
   3.3399999999998538       0.10829897496281232     
   3.3599999999998515       0.10810150897557257     
   3.3799999999998493       0.10790523223233525     
   3.3999999999998471       0.10771014164486248     
   3.4199999999998449       0.10751623396570092     
   3.4399999999998427       0.10732350578030873     
   3.4599999999998405       0.10713195350020098     
   3.4799999999998383       0.10694157335711148     
   3.4999999999998361       0.10675236139821757     
   3.5199999999998339       0.10656431348240841     
   3.5399999999998317       0.10637742527759229     
   3.5599999999998295       0.10619169225900463     
   3.5799999999998273       0.10600710970845698     
   3.5999999999998251       0.10582367271447771     
   3.6199999999998229       0.10564137617326774     
   3.6399999999998207       0.10546021479041756     
   3.6599999999998185       0.10528018308331352     
   3.6799999999998163       0.10510127538421145     
   3.6999999999998141       0.10492348584392064     
   3.7199999999998119       0.10474680843608096     
   3.7399999999998097       0.10457123696201245     
   3.7599999999998075       0.10439676505611882     
   3.7799999999998053       0.10422338619182916     
   3.7999999999998031       0.10405109368805988     
   3.8199999999998009       0.10387988071619324     
   3.8399999999997987       0.10370974030756694     
   3.8599999999997965       0.10354066536147671     
   3.8799999999997943       0.10337264865369337     
   3.8999999999997921       0.10320568284550617     
   3.9199999999997899       0.10303976049329179     
   3.9399999999997877       0.10287487405855890     
   3.9599999999997855       0.10271101591846217     
   3.9799999999997833       0.10254817837665851     
   3.9999999999997811       0.10238635367442936     
   4.0199999999997793       0.10222553400188347     
   4.0399999999997771       0.10206571150912931     
   4.0599999999997749       0.10190687831720197     
   4.0799999999997727       0.10174902652863796     
   4.0999999999997705       0.10159214823756213     
   4.1199999999997683       0.10143623553921968     
   4.1399999999997661       0.10128128053892874     
   4.1599999999997639       0.10112727536049691     
   4.1799999999997617       0.10097421215415797     
   4.1999999999997595       0.10082208310413796     
   4.2199999999997573       0.10067088043596772     
   4.2399999999997551       0.10052059642363309     
   4.2599999999997529       0.10037122339666180     
   4.2799999999997507       0.10022275374718556     
   4.2999999999997485       0.10007517993698174     
   4.3199999999997463        9.9928494504490997E-002
   4.3399999999997441        9.9782690071694019E-002
   4.3599999999997419        9.9637759350808958E-002
   4.3799999999997397        9.9493695150657105E-002
   4.3999999999997375        9.9350490382611567E-002
   4.4199999999997353        9.9208138065991713E-002
   4.4399999999997330        9.9066631332837690E-002
   4.4599999999997308        9.8925963431961889E-002
   4.4799999999997286        9.8786127732253634E-002
   4.4999999999997264        9.8647117725195577E-002
   4.5199999999997242        9.8508927026618703E-002
   4.5399999999997220        9.8371549377718179E-002
   4.5599999999997198        9.8234978645411308E-002
   4.5799999999997176        9.8099208822111969E-002
   4.5999999999997154        9.7964234025028921E-002
   4.6199999999997132        9.7830048495089431E-002
   4.6399999999997110        9.7696646595619843E-002
   4.6599999999997088        9.7564022810852205E-002
   4.6799999999997066        9.7432171744363777E-002
   4.6999999999997044        9.7301088117514520E-002
   4.7199999999997022        9.7170766767892824E-002
   4.7399999999997000        9.7041202647810659E-002
   4.7599999999996978        9.6912390822816108E-002
   4.7799999999996956        9.6784326470189044E-002
   4.7999999999996934        9.6657004877385030E-002
   4.8199999999996912        9.6530421440352163E-002
   4.8399999999996890        9.6404571661686270E-002
   4.8599999999996868        9.6279451148560541E-002
   4.8799999999996846        9.6155055610408852E-002
   4.8999999999996824        9.6031380856323206E-002
   4.9199999999996802        9.5908422792176179E-002
   4.9399999999996780        9.5786177417474749E-002
   4.9599999999996758        9.5664640821952807E-002
   4.9799999999996736        9.5543809181962300E-002
   4.9999999999996714        9.5423678756684394E-002
   5.0199999999996692        9.5304245884199321E-002
   5.0399999999996670        9.5185506977484971E-002
   5.0599999999996648        9.5067458520347634E-002
   5.0799999999996626        9.4950097063362285E-002
   5.0999999999996604        9.4833419219817874E-002
   5.1199999999996582        9.4717421661723686E-002
   5.1399999999996560        9.4602101115868364E-002
   5.1599999999996538        9.4487454359982528E-002
   5.1799999999996515        9.4373478218982967E-002
   5.1999999999996493        9.4260169561340007E-002
   5.2199999999996471        9.4147525295557158E-002
   5.2399999999996449        9.4035542366777941E-002
   5.2599999999996427        9.3924217753538861E-002
   5.2799999999996405        9.3813548464654548E-002
   5.2999999999996383        9.3703531536271242E-002
   5.3199999999996361        9.3594164029062302E-002
   5.3399999999996339        9.3485443025599829E-002
   5.3599999999996317        9.3377365627878683E-002
   5.3799999999996295        9.3269928955011988E-002
   5.3999999999996273        9.3163130141072109E-002
   5.4199999999996251        9.3056966333090727E-002
   5.4399999999996229        9.2951434689185153E-002
   5.4599999999996207        9.2846532376817587E-002
   5.4799999999996185        9.2742256571155743E-002
   5.4999999999996163        9.2638604453533835E-002
   5.5199999999996141        9.2535573209988883E-002
   5.5399999999996119        9.2433160029864028E-002
   5.5599999999996097        9.2331362104467643E-002
   5.5799999999996075        9.2230176625772362E-002
   5.5999999999996053        9.2129600785158375E-002
   5.6199999999996031        9.2029631772196724E-002
   5.6399999999996009        9.1930266773469563E-002
   5.6599999999995987        9.1831502971433110E-002
   5.6799999999995965        9.1733337543336235E-002
   5.6999999999995943        9.1635767660202733E-002
   5.7199999999995921        9.1538790485884078E-002
   5.7399999999995899        9.1442403176188611E-002
   5.7599999999995877        9.1346602878110722E-002
   5.7799999999995855        9.1251386729149536E-002
   5.7999999999995833        9.1156751856728016E-002
   5.8199999999995811        9.1062695377707545E-002
   5.8399999999995789        9.0969214397997322E-002
   5.8599999999995767        9.0876306012251204E-002
   5.8799999999995745        9.0783967303644547E-002
   5.8999999999995723        9.0692195343707371E-002
   5.9199999999995701        9.0600987192227769E-002
   5.9399999999995678        9.0510339897196895E-002
   5.9599999999995656        9.0420250494793755E-002
   5.9799999999995634        9.0330716009404552E-002
   5.9999999999995612        9.0241733453675713E-002
   6.0199999999995590        9.0153299828589245E-002
   6.0399999999995568        9.0065412123576952E-002
   6.0599999999995546        8.9978067316656488E-002
   6.0799999999995524        8.9891262374611647E-002
   6.0999999999995502        8.9804994253197573E-002
   6.1199999999995480        8.9719259897385481E-002
   6.1399999999995458        8.9634056241652577E-002
   6.1599999999995436        8.9549380210297680E-002
   6.1799999999995414        8.9465228717793513E-002
   6.1999999999995392        8.9381598669171655E-002
   6.2199999999995370        8.9298486960425513E-002
   6.2399999999995348        8.9215890478933010E-002
   6.2599999999995326        8.9133806103890809E-002
   6.2799999999995304        8.9052230706751376E-002
   6.2999999999995282        8.8971161151662884E-002
   6.3199999999995260        8.8890594295885722E-002
   6.3399999999995238        8.8810526990222446E-002
   6.3599999999995216        8.8730956079408438E-002
   6.3799999999995194        8.8651878402498371E-002
   6.3999999999995172        8.8573290793241860E-002
   6.4199999999995150        8.8495190080430455E-002
   6.4399999999995128        8.8417573088242732E-002
   6.4599999999995106        8.8340436636579506E-002
   6.4799999999995084        8.8263777541395527E-002
   6.4999999999995062        8.8187592615032145E-002
   6.5199999999995040        8.8111878666559840E-002
   6.5399999999995018        8.8036632502130049E-002
   6.5599999999994996        8.7961850925344129E-002
   6.5799999999994974        8.7887530737649502E-002
   6.5999999999994952        8.7813668738753570E-002
   6.6199999999994930        8.7740261727069072E-002
   6.6399999999994908        8.7667306500186920E-002
   6.6599999999994886        8.7594799855375410E-002
   6.6799999999994863        8.7522738590116139E-002
   6.6999999999994841        8.7451119502654412E-002
   6.7199999999994819        8.7379939392582068E-002
   6.7399999999994797        8.7309195061444689E-002
   6.7599999999994775        8.7238883313354970E-002
   6.7799999999994753        8.7169000955631237E-002
   6.7999999999994731        8.7099544799441653E-002
   6.8199999999994709        8.7030511660455792E-002
   6.8399999999994687        8.6961898359498205E-002
   6.8599999999994665        8.6893701723204153E-002
   6.8799999999994643        8.6825918584663250E-002
   6.8999999999994621        8.6758545784077004E-002
   6.9199999999994599        8.6691580169376684E-002
   6.9399999999994577        8.6625018596863418E-002
   6.9599999999994555        8.6558857931818153E-002
   6.9799999999994533        8.6493095049100230E-002
   6.9999999999994511        8.6427726833742793E-002
   7.0199999999994489        8.6362750181524811E-002
   7.0399999999994467        8.6298161999541587E-002
   7.0599999999994445        8.6233959206755487E-002
   7.0799999999994423        8.6170138734537868E-002
   7.0999999999994401        8.6106697527205622E-002
   7.1199999999994379        8.6043632542540757E-002
   7.1399999999994357        8.5980940752313453E-002
   7.1599999999994335        8.5918619142786076E-002
   7.1799999999994313        8.5856664715221631E-002
   7.1999999999994291        8.5795074486383002E-002
   7.2199999999994269        8.5733845489029431E-002
   7.2399999999994247        8.5672974772410149E-002
   7.2599999999994225        8.5612459402756136E-002
   7.2799999999994203        8.5552296463764874E-002
   7.2999999999994181        8.5492483057092575E-002
   7.3199999999994159        8.5433016302832870E-002
   7.3399999999994137        8.5373893340002657E-002
   7.3599999999994115        8.5315111327011015E-002
   7.3799999999994093        8.5256667442143858E-002
   7.3999999999994071        8.5198558884023237E-002
   7.4199999999994048        8.5140782872074952E-002
   7.4399999999994026        8.5083336646976981E-002
   7.4599999999994004        8.5026217471116355E-002
   7.4799999999993982        8.4969422629011596E-002
   7.4999999999993960        8.4912949427751738E-002
   7.5199999999993938        8.4856795197395932E-002
   7.5399999999993916        8.4800957291381360E-002
   7.5599999999993894        8.4745433086901578E-002
   7.5799999999993872        8.4690219985272958E-002
   7.5999999999993850        8.4635315412289192E-002
   7.6199999999993828        8.4580716818545565E-002
   7.6399999999993806        8.4526421679757130E-002
   7.6599999999993784        8.4472427497047101E-002
   7.6799999999993762        8.4418731797220439E-002
   7.6999999999993740        8.4365332133016419E-002
   7.7199999999993718        8.4312226083339908E-002
   7.7399999999993696        8.4259411253471153E-002
   7.7599999999993674        8.4206885275254162E-002
   7.7799999999993652        8.4154645807271528E-002
   7.7999999999993630        8.4102690534986910E-002
   7.8199999999993608        8.4051017170880593E-002
   7.8399999999993586        8.3999623454557665E-002
   7.8599999999993564        8.3948507152837679E-002
   7.8799999999993542        8.3897666059832454E-002
   7.8999999999993520        8.3847097996993192E-002
   7.9199999999993498        8.3796800813156880E-002
   7.9399999999993476        8.3746772384561574E-002
   7.9599999999993454        8.3697010614853934E-002
   7.9799999999993432        8.3647513435073179E-002
   7.9999999999993410        8.3598278803627787E-002
   8.0199999999993477        8.3549304706253019E-002
   8.0399999999993543        8.3500589155953708E-002
   8.0599999999993610        8.3452130192935875E-002
   8.0799999999993677        8.3403925884518046E-002
   8.0999999999993744        8.3355974325040327E-002
   8.1199999999993810        8.3308273635747845E-002
   8.1399999999993877        8.3260821964672604E-002
   8.1599999999993944        8.3213617486498512E-002
   8.1799999999994011        8.3166658402411983E-002
   8.1999999999994078        8.3119942939947386E-002
   8.2199999999994144        8.3073469352815316E-002
   8.2399999999994211        8.3027235920727957E-002
   8.2599999999994278        8.2981240949200882E-002
   8.2799999999994345        8.2935482769354960E-002
   8.2999999999994412        8.2889959737711294E-002
   8.3199999999994478        8.2844670235963661E-002
   8.3399999999994545        8.2799612670750686E-002
   8.3599999999994612        8.2754785473416054E-002
   8.3799999999994679        8.2710187099758414E-002
   8.3999999999994746        8.2665816029778502E-002
   8.4199999999994812        8.2621670767404135E-002
   8.4399999999994879        8.2577749840221149E-002
   8.4599999999994946        8.2534051799189767E-002
   8.4799999999995013        8.2490575218352236E-002
   8.4999999999995079        8.2447318694531174E-002
   8.5199999999995146        8.2404280847027181E-002
   8.5399999999995213        8.2361460317300725E-002
   8.5599999999995280        8.2318855768653804E-002
   8.5799999999995347        8.2276465885901137E-002
   8.5999999999995413        8.2234289375034381E-002
   8.6199999999995480        8.2192324962882604E-002
   8.6399999999995547        8.2150571396768818E-002
   8.6599999999995614        8.2109027444152660E-002
   8.6799999999995681        8.2067691892278888E-002
   8.6999999999995747        8.2026563547811113E-002
   8.7199999999995814        8.1985641236469814E-002
   8.7399999999995881        8.1944923802659470E-002
   8.7599999999995948        8.1904410109096867E-002
   8.7799999999996015        8.1864099036434268E-002
   8.7999999999996081        8.1823989482875101E-002
   8.8199999999996148        8.1784080363799971E-002
   8.8399999999996215        8.1744370611375697E-002
   8.8599999999996282        8.1704859174173847E-002
   8.8799999999996349        8.1665545016782318E-002
   8.8999999999996415        8.1626427119416575E-002
   8.9199999999996482        8.1587504477536613E-002
   8.9399999999996549        8.1548776101453710E-002
   8.9599999999996616        8.1510241015944854E-002
   8.9799999999996682        8.1471898259868683E-002
   8.9999999999996749        8.1433746885777522E-002
   9.0199999999996816        8.1395785959534131E-002
   9.0399999999996883        8.1358014559930206E-002
   9.0599999999996950        8.1320431778308916E-002
   9.0799999999997016        8.1283036718182156E-002
   9.0999999999997083        8.1245828494863184E-002
   9.1199999999997150        8.1208806235090802E-002
   9.1399999999997217        8.1171969076663922E-002
   9.1599999999997284        8.1135316168077454E-002
   9.1799999999997350        8.1098846668160085E-002
   9.1999999999997417        8.1062559745722074E-002
   9.2199999999997484        8.1026454579199478E-002
   9.2399999999997551        8.0990530356310861E-002
   9.2599999999997618        8.0954786273712276E-002
   9.2799999999997684        8.0919221536662173E-002
   9.2999999999997751        8.0883835358687789E-002
   9.3199999999997818        8.0848626961258385E-002
   9.3399999999997885        8.0813595573463043E-002
   9.3599999999997952        8.0778740431697610E-002
   9.3799999999998018        8.0744060779351548E-002
   9.3999999999998085        8.0709555866506272E-002
   9.4199999999998152        8.0675224949631474E-002
   9.4399999999998219        8.0641067291300578E-002
   9.4599999999998285        8.0607082159899701E-002
   9.4799999999998352        8.0573268829348718E-002
   9.4999999999998419        8.0539626578829446E-002
   9.5199999999998486        8.0506154692514292E-002
   9.5399999999998553        8.0472852459312003E-002
   9.5599999999998619        8.0439719172610294E-002
   9.5799999999998686        8.0406754130028957E-002
   9.5999999999998753        8.0373956633179131E-002
   9.6199999999998820        8.0341325987432113E-002
   9.6399999999998887        8.0308861501687326E-002
   9.6599999999998953        8.0276562488156872E-002
   9.6799999999999020        8.0244428262150821E-002
   9.6999999999999087        8.0212458141869697E-002
   9.7199999999999154        8.0180651448204646E-002
   9.7399999999999221        8.0149007504546121E-002
   9.7599999999999287        8.0117525636594605E-002
   9.7799999999999354        8.0086205172187369E-002
   9.7999999999999421        8.0055045441115830E-002
   9.8199999999999488        8.0024045774969271E-002
   9.8399999999999554        7.9993205506972184E-002
   9.8599999999999621        7.9962523971828264E-002
   9.8799999999999688        7.9932000505579401E-002
   9.8999999999999755        7.9901634445464109E-002
   9.9199999999999822        7.9871425129783305E-002
   9.9399999999999888        7.9841371897776209E-002
   9.9599999999999955        7.9811474089496848E-002
   9.9800000000000022        7.9781731045703394E-002
   10.000000000000009        7.9752142107749516E-002
