       0.200000000E-01         0.342258730E+01         0.562657241E-01
       0.400000000E-01         0.374705370E+01         0.678816283E-01
       0.600000000E-01         0.399464497E+01         0.774609060E-01
       0.800000000E-01         0.342785813E+01         0.713116523E-01
       0.100000000E+00         0.298854984E+01         0.657940067E-01
       0.120000000E+00         0.269330433E+01         0.619978482E-01
       0.140000000E+00         0.250739834E+01         0.597987158E-01
       0.160000000E+00         0.238654657E+01         0.585806298E-01
       0.180000000E+00         0.229782979E+01         0.577821122E-01
       0.200000000E+00         0.222498451E+01         0.571224963E-01
       0.220000000E+00         0.216194437E+01         0.565162616E-01
       0.240000000E+00         0.210698843E+01         0.559622393E-01
       0.260000000E+00         0.205971677E+01         0.554811461E-01
       0.280000000E+00         0.201985941E+01         0.550901855E-01
       0.300000000E+00         0.198694877E+01         0.547964548E-01
       0.320000000E+00         0.196032002E+01         0.545978610E-01
       0.340000000E+00         0.193919870E+01         0.544860901E-01
       0.360000000E+00         0.192278550E+01         0.544494554E-01
       0.380000000E+00         0.191031482E+01         0.544750065E-01
       0.400000000E+00         0.190108798E+01         0.545498975E-01
       0.420000000E+00         0.189448816E+01         0.546621887E-01
       0.440000000E+00         0.188998377E+01         0.548012589E-01
       0.460000000E+00         0.188712493E+01         0.549579621E-01
       0.480000000E+00         0.188553621E+01         0.551246239E-01
       0.500000000E+00         0.188490783E+01         0.552949451E-01
       0.520000000E+00         0.188498647E+01         0.554638603E-01
       0.540000000E+00         0.188556685E+01         0.556273848E-01
       0.560000000E+00         0.188648418E+01         0.557824664E-01
       0.580000000E+00         0.188760788E+01         0.559268538E-01
       0.600000000E+00         0.188883627E+01         0.560589821E-01
       0.620000000E+00         0.189009214E+01         0.561778725E-01
       0.640000000E+00         0.189131898E+01         0.562830443E-01
       0.660000000E+00         0.189247766E+01         0.563744340E-01
       0.680000000E+00         0.189354344E+01         0.564523207E-01
       0.700000000E+00         0.189450322E+01         0.565172553E-01
       0.720000000E+00         0.189535310E+01         0.565699954E-01
       0.740000000E+00         0.189609604E+01         0.566114435E-01
       0.760000000E+00         0.189673990E+01         0.566425927E-01
       0.780000000E+00         0.189729565E+01         0.566644784E-01
       0.800000000E+00         0.189777592E+01         0.566781376E-01
       0.820000000E+00         0.189819372E+01         0.566845757E-01
       0.840000000E+00         0.189856158E+01         0.566847410E-01
       0.860000000E+00         0.189889079E+01         0.566795071E-01
       0.880000000E+00         0.189919102E+01         0.566696613E-01
       0.900000000E+00         0.189947002E+01         0.566558995E-01
       0.920000000E+00         0.189973354E+01         0.566388257E-01
       0.940000000E+00         0.189998546E+01         0.566189564E-01
       0.960000000E+00         0.190022787E+01         0.565967266E-01
       0.980000000E+00         0.190046135E+01         0.565724993E-01
       0.100000000E+01         0.190068525E+01         0.565465748E-01
       0.102000000E+01         0.190089797E+01         0.565192017E-01
       0.104000000E+01         0.190109722E+01         0.564905862E-01
       0.106000000E+01         0.190128032E+01         0.564609018E-01
       0.108000000E+01         0.190144440E+01         0.564302974E-01
       0.110000000E+01         0.190158660E+01         0.563989043E-01
       0.112000000E+01         0.190170422E+01         0.563668416E-01
       0.114000000E+01         0.190179480E+01         0.563342207E-01
       0.116000000E+01         0.190185623E+01         0.563011481E-01
       0.118000000E+01         0.190188672E+01         0.562677275E-01
       0.120000000E+01         0.190188487E+01         0.562340607E-01
       0.122000000E+01         0.190184959E+01         0.562002481E-01
       0.124000000E+01         0.190178013E+01         0.561663884E-01
       0.126000000E+01         0.190167598E+01         0.561325777E-01
       0.128000000E+01         0.190153686E+01         0.560989097E-01
       0.130000000E+01         0.190136266E+01         0.560654738E-01
       0.132000000E+01         0.190115340E+01         0.560323551E-01
       0.134000000E+01         0.190090920E+01         0.559996336E-01
       0.136000000E+01         0.190063023E+01         0.559673835E-01
       0.138000000E+01         0.190031672E+01         0.559356733E-01
       0.140000000E+01         0.189996891E+01         0.559045652E-01
       0.142000000E+01         0.189958706E+01         0.558741159E-01
       0.144000000E+01         0.189917144E+01         0.558443760E-01
       0.146000000E+01         0.189872235E+01         0.558153912E-01
       0.148000000E+01         0.189824011E+01         0.557872020E-01
       0.150000000E+01         0.189772506E+01         0.557598449E-01
       0.152000000E+01         0.189717759E+01         0.557333526E-01
       0.154000000E+01         0.189659816E+01         0.557077545E-01
       0.156000000E+01         0.189598727E+01         0.556830774E-01
       0.158000000E+01         0.189534550E+01         0.556593462E-01
       0.160000000E+01         0.189467352E+01         0.556365838E-01
       0.162000000E+01         0.189397207E+01         0.556148118E-01
       0.164000000E+01         0.189324199E+01         0.555940510E-01
       0.166000000E+01         0.189248419E+01         0.555743212E-01
       0.168000000E+01         0.189169968E+01         0.555556417E-01
       0.170000000E+01         0.189088956E+01         0.555380312E-01
       0.172000000E+01         0.189005497E+01         0.555215077E-01
       0.174000000E+01         0.188919715E+01         0.555060891E-01
       0.176000000E+01         0.188831740E+01         0.554917924E-01
       0.178000000E+01         0.188741705E+01         0.554786339E-01
       0.180000000E+01         0.188649747E+01         0.554666294E-01
       0.182000000E+01         0.188556008E+01         0.554557936E-01
       0.184000000E+01         0.188460632E+01         0.554461401E-01
       0.186000000E+01         0.188363760E+01         0.554376815E-01
       0.188000000E+01         0.188265538E+01         0.554304292E-01
       0.190000000E+01         0.188166109E+01         0.554243929E-01
       0.192000000E+01         0.188065613E+01         0.554195811E-01
       0.194000000E+01         0.187964192E+01         0.554160007E-01
       0.196000000E+01         0.187861979E+01         0.554136571E-01
       0.198000000E+01         0.187759110E+01         0.554125538E-01
       0.200000000E+01         0.187655713E+01         0.554126930E-01
       0.202000000E+01         0.187551912E+01         0.554140750E-01
       0.204000000E+01         0.187447828E+01         0.554166985E-01
       0.206000000E+01         0.187343577E+01         0.554205605E-01
       0.208000000E+01         0.187239268E+01         0.554256565E-01
       0.210000000E+01         0.187135006E+01         0.554319804E-01
       0.212000000E+01         0.187030891E+01         0.554395244E-01
       0.214000000E+01         0.186927016E+01         0.554482792E-01
       0.216000000E+01         0.186823470E+01         0.554582344E-01
       0.218000000E+01         0.186720336E+01         0.554693776E-01
       0.220000000E+01         0.186617688E+01         0.554816954E-01
       0.222000000E+01         0.186515600E+01         0.554951731E-01
       0.224000000E+01         0.186414135E+01         0.555097946E-01
       0.226000000E+01         0.186313354E+01         0.555255425E-01
       0.228000000E+01         0.186213309E+01         0.555423984E-01
       0.230000000E+01         0.186114049E+01         0.555603429E-01
       0.232000000E+01         0.186015616E+01         0.555793553E-01
       0.234000000E+01         0.185918048E+01         0.555994140E-01
       0.236000000E+01         0.185821375E+01         0.556204966E-01
       0.238000000E+01         0.185725625E+01         0.556425797E-01
       0.240000000E+01         0.185630818E+01         0.556656391E-01
       0.242000000E+01         0.185536971E+01         0.556896500E-01
       0.244000000E+01         0.185444095E+01         0.557145868E-01
       0.246000000E+01         0.185352198E+01         0.557404233E-01
       0.248000000E+01         0.185261283E+01         0.557671328E-01
       0.250000000E+01         0.185171348E+01         0.557946881E-01
       0.252000000E+01         0.185082387E+01         0.558230617E-01
       0.254000000E+01         0.184994393E+01         0.558522258E-01
       0.256000000E+01         0.184907353E+01         0.558821520E-01
       0.258000000E+01         0.184821252E+01         0.559128123E-01
       0.260000000E+01         0.184736072E+01         0.559441781E-01
       0.262000000E+01         0.184651792E+01         0.559762210E-01
       0.264000000E+01         0.184568390E+01         0.560089126E-01
       0.266000000E+01         0.184485840E+01         0.560422245E-01
       0.268000000E+01         0.184404116E+01         0.560761285E-01
       0.270000000E+01         0.184323189E+01         0.561105967E-01
       0.272000000E+01         0.184243031E+01         0.561456014E-01
       0.274000000E+01         0.184163611E+01         0.561811151E-01
       0.276000000E+01         0.184084898E+01         0.562171108E-01
       0.278000000E+01         0.184006859E+01         0.562535619E-01
       0.280000000E+01         0.183929464E+01         0.562904422E-01
       0.282000000E+01         0.183852680E+01         0.563277260E-01
       0.284000000E+01         0.183776474E+01         0.563653881E-01
       0.286000000E+01         0.183700816E+01         0.564034038E-01
       0.288000000E+01         0.183625673E+01         0.564417489E-01
       0.290000000E+01         0.183551014E+01         0.564804000E-01
       0.292000000E+01         0.183476810E+01         0.565193341E-01
       0.294000000E+01         0.183403031E+01         0.565585289E-01
       0.296000000E+01         0.183329649E+01         0.565979627E-01
       0.298000000E+01         0.183256638E+01         0.566376145E-01
       0.300000000E+01         0.183183971E+01         0.566774639E-01
       0.302000000E+01         0.183111624E+01         0.567174910E-01
       0.304000000E+01         0.183039575E+01         0.567576769E-01
       0.306000000E+01         0.182967802E+01         0.567980031E-01
       0.308000000E+01         0.182896286E+01         0.568384516E-01
       0.310000000E+01         0.182825008E+01         0.568790053E-01
       0.312000000E+01         0.182753953E+01         0.569196477E-01
       0.314000000E+01         0.182683106E+01         0.569603626E-01
       0.316000000E+01         0.182612454E+01         0.570011348E-01
       0.318000000E+01         0.182541988E+01         0.570419495E-01
       0.320000000E+01         0.182471697E+01         0.570827923E-01
       0.322000000E+01         0.182401575E+01         0.571236497E-01
       0.324000000E+01         0.182331617E+01         0.571645085E-01
       0.326000000E+01         0.182261819E+01         0.572053560E-01
       0.328000000E+01         0.182192179E+01         0.572461799E-01
       0.330000000E+01         0.182122698E+01         0.572869687E-01
       0.332000000E+01         0.182053377E+01         0.573277108E-01
       0.334000000E+01         0.181984219E+01         0.573683955E-01
       0.336000000E+01         0.181915230E+01         0.574090120E-01
       0.338000000E+01         0.181846415E+01         0.574495503E-01
       0.340000000E+01         0.181777782E+01         0.574900004E-01
       0.342000000E+01         0.181709339E+01         0.575303527E-01
       0.344000000E+01         0.181641099E+01         0.575705980E-01
       0.346000000E+01         0.181573070E+01         0.576107271E-01
       0.348000000E+01         0.181505267E+01         0.576507313E-01
       0.350000000E+01         0.181437703E+01         0.576906019E-01
       0.352000000E+01         0.181370391E+01         0.577303305E-01
       0.354000000E+01         0.181303348E+01         0.577699087E-01
       0.356000000E+01         0.181236587E+01         0.578093284E-01
       0.358000000E+01         0.181170127E+01         0.578485814E-01
       0.360000000E+01         0.181103982E+01         0.578876597E-01
       0.362000000E+01         0.181038170E+01         0.579265552E-01
       0.364000000E+01         0.180972706E+01         0.579652598E-01
       0.366000000E+01         0.180907608E+01         0.580037653E-01
       0.368000000E+01         0.180842891E+01         0.580420637E-01
       0.370000000E+01         0.180778572E+01         0.580801466E-01
       0.372000000E+01         0.180714666E+01         0.581180058E-01
       0.374000000E+01         0.180651188E+01         0.581556330E-01
       0.376000000E+01         0.180588153E+01         0.581930197E-01
       0.378000000E+01         0.180525576E+01         0.582301574E-01
       0.380000000E+01         0.180463470E+01         0.582670377E-01
       0.382000000E+01         0.180401848E+01         0.583036519E-01
       0.384000000E+01         0.180340724E+01         0.583399916E-01
       0.386000000E+01         0.180280110E+01         0.583760482E-01
       0.388000000E+01         0.180220017E+01         0.584118132E-01
       0.390000000E+01         0.180160456E+01         0.584472781E-01
       0.392000000E+01         0.180101440E+01         0.584824345E-01
       0.394000000E+01         0.180042977E+01         0.585172741E-01
       0.396000000E+01         0.179985076E+01         0.585517886E-01
       0.398000000E+01         0.179927748E+01         0.585859698E-01
       0.400000000E+01         0.179871000E+01         0.586198094E-01
       0.402000000E+01         0.179814838E+01         0.586532993E-01
       0.404000000E+01         0.179759269E+01         0.586864314E-01
       0.406000000E+01         0.179704298E+01         0.587191975E-01
       0.408000000E+01         0.179649928E+01         0.587515895E-01
       0.410000000E+01         0.179596162E+01         0.587835990E-01
       0.412000000E+01         0.179543001E+01         0.588152181E-01
       0.414000000E+01         0.179490445E+01         0.588464385E-01
       0.416000000E+01         0.179438494E+01         0.588772522E-01
       0.418000000E+01         0.179387145E+01         0.589076512E-01
       0.420000000E+01         0.179336395E+01         0.589376278E-01
       0.422000000E+01         0.179286241E+01         0.589671743E-01
       0.424000000E+01         0.179236679E+01         0.589962835E-01
       0.426000000E+01         0.179187705E+01         0.590249484E-01
       0.428000000E+01         0.179139314E+01         0.590531624E-01
       0.430000000E+01         0.179091501E+01         0.590809193E-01
       0.432000000E+01         0.179044260E+01         0.591082131E-01
       0.434000000E+01         0.178997585E+01         0.591350384E-01
       0.436000000E+01         0.178951472E+01         0.591613900E-01
       0.438000000E+01         0.178905912E+01         0.591872631E-01
       0.440000000E+01         0.178860899E+01         0.592126533E-01
       0.442000000E+01         0.178816425E+01         0.592375563E-01
       0.444000000E+01         0.178772482E+01         0.592619684E-01
       0.446000000E+01         0.178729061E+01         0.592858858E-01
       0.448000000E+01         0.178686153E+01         0.593093052E-01
       0.450000000E+01         0.178643746E+01         0.593322235E-01
       0.452000000E+01         0.178601830E+01         0.593546378E-01
       0.454000000E+01         0.178560394E+01         0.593765457E-01
       0.456000000E+01         0.178519426E+01         0.593979450E-01
       0.458000000E+01         0.178478912E+01         0.594188336E-01
       0.460000000E+01         0.178438841E+01         0.594392102E-01
       0.462000000E+01         0.178399200E+01         0.594590735E-01
       0.464000000E+01         0.178359977E+01         0.594784230E-01
       0.466000000E+01         0.178321158E+01         0.594972585E-01
       0.468000000E+01         0.178282731E+01         0.595155801E-01
       0.470000000E+01         0.178244684E+01         0.595333886E-01
       0.472000000E+01         0.178207006E+01         0.595506854E-01
       0.474000000E+01         0.178169685E+01         0.595674722E-01
       0.476000000E+01         0.178132710E+01         0.595837512E-01
       0.478000000E+01         0.178096070E+01         0.595995252E-01
       0.480000000E+01         0.178059754E+01         0.596147973E-01
       0.482000000E+01         0.178023752E+01         0.596295711E-01
       0.484000000E+01         0.177988055E+01         0.596438506E-01
       0.486000000E+01         0.177952651E+01         0.596576401E-01
       0.488000000E+01         0.177917532E+01         0.596709443E-01
       0.490000000E+01         0.177882687E+01         0.596837683E-01
       0.492000000E+01         0.177848107E+01         0.596961173E-01
       0.494000000E+01         0.177813782E+01         0.597079971E-01
       0.496000000E+01         0.177779703E+01         0.597194134E-01
       0.498000000E+01         0.177745860E+01         0.597303727E-01
       0.500000000E+01         0.177712245E+01         0.597408813E-01
       0.502000000E+01         0.177678848E+01         0.597509461E-01
       0.504000000E+01         0.177645661E+01         0.597605742E-01
       0.506000000E+01         0.177612676E+01         0.597697727E-01
       0.508000000E+01         0.177579884E+01         0.597785495E-01
       0.510000000E+01         0.177547278E+01         0.597869122E-01
       0.512000000E+01         0.177514850E+01         0.597948689E-01
       0.514000000E+01         0.177482592E+01         0.598024281E-01
       0.516000000E+01         0.177450498E+01         0.598095983E-01
       0.518000000E+01         0.177418562E+01         0.598163881E-01
       0.520000000E+01         0.177386777E+01         0.598228066E-01
       0.522000000E+01         0.177355138E+01         0.598288630E-01
       0.524000000E+01         0.177323638E+01         0.598345665E-01
       0.526000000E+01         0.177292273E+01         0.598399267E-01
       0.528000000E+01         0.177261038E+01         0.598449533E-01
       0.530000000E+01         0.177229929E+01         0.598496560E-01
       0.532000000E+01         0.177198941E+01         0.598540450E-01
       0.534000000E+01         0.177168072E+01         0.598581303E-01
       0.536000000E+01         0.177137318E+01         0.598619221E-01
       0.538000000E+01         0.177106676E+01         0.598654308E-01
       0.540000000E+01         0.177076145E+01         0.598686669E-01
       0.542000000E+01         0.177045721E+01         0.598716409E-01
       0.544000000E+01         0.177015405E+01         0.598743633E-01
       0.546000000E+01         0.176985193E+01         0.598768449E-01
       0.548000000E+01         0.176955086E+01         0.598790964E-01
       0.550000000E+01         0.176925083E+01         0.598811283E-01
       0.552000000E+01         0.176895182E+01         0.598829514E-01
       0.554000000E+01         0.176865385E+01         0.598845763E-01
       0.556000000E+01         0.176835691E+01         0.598860137E-01
       0.558000000E+01         0.176806101E+01         0.598872740E-01
       0.560000000E+01         0.176776614E+01         0.598883678E-01
       0.562000000E+01         0.176747231E+01         0.598893054E-01
       0.564000000E+01         0.176717952E+01         0.598900972E-01
       0.566000000E+01         0.176688779E+01         0.598907532E-01
       0.568000000E+01         0.176659713E+01         0.598912836E-01
       0.570000000E+01         0.176630754E+01         0.598916984E-01
       0.572000000E+01         0.176601903E+01         0.598920072E-01
       0.574000000E+01         0.176573163E+01         0.598922199E-01
       0.576000000E+01         0.176544533E+01         0.598923459E-01
       0.578000000E+01         0.176516016E+01         0.598923947E-01
       0.580000000E+01         0.176487614E+01         0.598923754E-01
       0.582000000E+01         0.176459328E+01         0.598922972E-01
       0.584000000E+01         0.176431160E+01         0.598921690E-01
       0.586000000E+01         0.176403112E+01         0.598919994E-01
       0.588000000E+01         0.176375185E+01         0.598917970E-01
       0.590000000E+01         0.176347383E+01         0.598915703E-01
       0.592000000E+01         0.176319707E+01         0.598913273E-01
       0.594000000E+01         0.176292160E+01         0.598910760E-01
       0.596000000E+01         0.176264743E+01         0.598908240E-01
       0.598000000E+01         0.176237459E+01         0.598905791E-01
       0.600000000E+01         0.176210311E+01         0.598903484E-01
       0.602000000E+01         0.176183299E+01         0.598901390E-01
       0.604000000E+01         0.176156428E+01         0.598899577E-01
       0.606000000E+01         0.176129699E+01         0.598898112E-01
       0.608000000E+01         0.176103115E+01         0.598897059E-01
       0.610000000E+01         0.176076677E+01         0.598896479E-01
       0.612000000E+01         0.176050388E+01         0.598896431E-01
       0.614000000E+01         0.176024251E+01         0.598896972E-01
       0.616000000E+01         0.175998267E+01         0.598898155E-01
       0.618000000E+01         0.175972440E+01         0.598900034E-01
       0.620000000E+01         0.175946770E+01         0.598902656E-01
       0.622000000E+01         0.175921261E+01         0.598906069E-01
       0.624000000E+01         0.175895913E+01         0.598910317E-01
       0.626000000E+01         0.175870730E+01         0.598915442E-01
       0.628000000E+01         0.175845713E+01         0.598921483E-01
       0.630000000E+01         0.175820864E+01         0.598928477E-01
       0.632000000E+01         0.175796185E+01         0.598936456E-01
       0.634000000E+01         0.175771676E+01         0.598945454E-01
       0.636000000E+01         0.175747340E+01         0.598955499E-01
       0.638000000E+01         0.175723178E+01         0.598966616E-01
       0.640000000E+01         0.175699191E+01         0.598978831E-01
       0.642000000E+01         0.175675381E+01         0.598992164E-01
       0.644000000E+01         0.175651748E+01         0.599006635E-01
       0.646000000E+01         0.175628293E+01         0.599022259E-01
       0.648000000E+01         0.175605016E+01         0.599039053E-01
       0.650000000E+01         0.175581920E+01         0.599057026E-01
       0.652000000E+01         0.175559004E+01         0.599076190E-01
       0.654000000E+01         0.175536269E+01         0.599096553E-01
       0.656000000E+01         0.175513715E+01         0.599118119E-01
       0.658000000E+01         0.175491343E+01         0.599140894E-01
       0.660000000E+01         0.175469154E+01         0.599164878E-01
       0.662000000E+01         0.175447146E+01         0.599190071E-01
       0.664000000E+01         0.175425322E+01         0.599216472E-01
       0.666000000E+01         0.175403680E+01         0.599244078E-01
       0.668000000E+01         0.175382221E+01         0.599272881E-01
       0.670000000E+01         0.175360946E+01         0.599302877E-01
       0.672000000E+01         0.175339853E+01         0.599334055E-01
       0.674000000E+01         0.175318943E+01         0.599366406E-01
       0.676000000E+01         0.175298216E+01         0.599399917E-01
       0.678000000E+01         0.175277672E+01         0.599434575E-01
       0.680000000E+01         0.175257309E+01         0.599470365E-01
       0.682000000E+01         0.175237128E+01         0.599507270E-01
       0.684000000E+01         0.175217128E+01         0.599545273E-01
       0.686000000E+01         0.175197308E+01         0.599584354E-01
       0.688000000E+01         0.175177668E+01         0.599624492E-01
       0.690000000E+01         0.175158206E+01         0.599665666E-01
       0.692000000E+01         0.175138922E+01         0.599707852E-01
       0.694000000E+01         0.175119815E+01         0.599751026E-01
       0.696000000E+01         0.175100882E+01         0.599795162E-01
       0.698000000E+01         0.175082124E+01         0.599840234E-01
       0.700000000E+01         0.175063539E+01         0.599886214E-01
       0.702000000E+01         0.175045125E+01         0.599933074E-01
       0.704000000E+01         0.175026880E+01         0.599980785E-01
       0.706000000E+01         0.175008804E+01         0.600029315E-01
       0.708000000E+01         0.174990893E+01         0.600078635E-01
       0.710000000E+01         0.174973148E+01         0.600128713E-01
       0.712000000E+01         0.174955564E+01         0.600179516E-01
       0.714000000E+01         0.174938142E+01         0.600231012E-01
       0.716000000E+01         0.174920878E+01         0.600283169E-01
       0.718000000E+01         0.174903771E+01         0.600335951E-01
       0.720000000E+01         0.174886819E+01         0.600389327E-01
       0.722000000E+01         0.174870019E+01         0.600443261E-01
       0.724000000E+01         0.174853371E+01         0.600497720E-01
       0.726000000E+01         0.174836871E+01         0.600552669E-01
       0.728000000E+01         0.174820517E+01         0.600608075E-01
       0.730000000E+01         0.174804308E+01         0.600663901E-01
       0.732000000E+01         0.174788242E+01         0.600720115E-01
       0.734000000E+01         0.174772316E+01         0.600776682E-01
       0.736000000E+01         0.174756529E+01         0.600833568E-01
       0.738000000E+01         0.174740878E+01         0.600890738E-01
       0.740000000E+01         0.174725361E+01         0.600948159E-01
       0.742000000E+01         0.174709977E+01         0.601005797E-01
       0.744000000E+01         0.174694723E+01         0.601063619E-01
       0.746000000E+01         0.174679597E+01         0.601121592E-01
       0.748000000E+01         0.174664597E+01         0.601179683E-01
       0.750000000E+01         0.174649721E+01         0.601237859E-01
       0.752000000E+01         0.174634968E+01         0.601296089E-01
       0.754000000E+01         0.174620335E+01         0.601354340E-01
       0.756000000E+01         0.174605820E+01         0.601412581E-01
       0.758000000E+01         0.174591421E+01         0.601470781E-01
       0.760000000E+01         0.174577136E+01         0.601528910E-01
       0.762000000E+01         0.174562964E+01         0.601586937E-01
       0.764000000E+01         0.174548901E+01         0.601644832E-01
       0.766000000E+01         0.174534947E+01         0.601702567E-01
       0.768000000E+01         0.174521099E+01         0.601760113E-01
       0.770000000E+01         0.174507355E+01         0.601817442E-01
       0.772000000E+01         0.174493714E+01         0.601874525E-01
       0.774000000E+01         0.174480172E+01         0.601931337E-01
       0.776000000E+01         0.174466729E+01         0.601987850E-01
       0.778000000E+01         0.174453382E+01         0.602044038E-01
       0.780000000E+01         0.174440130E+01         0.602099876E-01
       0.782000000E+01         0.174426970E+01         0.602155340E-01
       0.784000000E+01         0.174413900E+01         0.602210405E-01
       0.786000000E+01         0.174400920E+01         0.602265048E-01
       0.788000000E+01         0.174388026E+01         0.602319246E-01
       0.790000000E+01         0.174375217E+01         0.602372978E-01
       0.792000000E+01         0.174362491E+01         0.602426221E-01
       0.794000000E+01         0.174349846E+01         0.602478956E-01
       0.796000000E+01         0.174337281E+01         0.602531162E-01
       0.798000000E+01         0.174324794E+01         0.602582820E-01
       0.800000000E+01         0.174312384E+01         0.602633913E-01
       0.802000000E+01         0.174300048E+01         0.602684421E-01
       0.804000000E+01         0.174287785E+01         0.602734329E-01
       0.806000000E+01         0.174275594E+01         0.602783619E-01
       0.808000000E+01         0.174263473E+01         0.602832278E-01
       0.810000000E+01         0.174251420E+01         0.602880289E-01
       0.812000000E+01         0.174239435E+01         0.602927640E-01
       0.814000000E+01         0.174227515E+01         0.602974316E-01
       0.816000000E+01         0.174215661E+01         0.603020306E-01
       0.818000000E+01         0.174203869E+01         0.603065598E-01
       0.820000000E+01         0.174192139E+01         0.603110181E-01
       0.822000000E+01         0.174180471E+01         0.603154045E-01
       0.824000000E+01         0.174168862E+01         0.603197180E-01
       0.826000000E+01         0.174157312E+01         0.603239579E-01
       0.828000000E+01         0.174145819E+01         0.603281232E-01
       0.830000000E+01         0.174134383E+01         0.603322133E-01
       0.832000000E+01         0.174123003E+01         0.603362275E-01
       0.834000000E+01         0.174111677E+01         0.603401653E-01
       0.836000000E+01         0.174100406E+01         0.603440261E-01
       0.838000000E+01         0.174089187E+01         0.603478094E-01
       0.840000000E+01         0.174078021E+01         0.603515149E-01
       0.842000000E+01         0.174066906E+01         0.603551423E-01
       0.844000000E+01         0.174055842E+01         0.603586914E-01
       0.846000000E+01         0.174044828E+01         0.603621618E-01
       0.848000000E+01         0.174033864E+01         0.603655535E-01
       0.850000000E+01         0.174022948E+01         0.603688665E-01
       0.852000000E+01         0.174012081E+01         0.603721006E-01
       0.854000000E+01         0.174001262E+01         0.603752560E-01
       0.856000000E+01         0.173990490E+01         0.603783328E-01
       0.858000000E+01         0.173979764E+01         0.603813310E-01
       0.860000000E+01         0.173969085E+01         0.603842510E-01
       0.862000000E+01         0.173958452E+01         0.603870929E-01
       0.864000000E+01         0.173947864E+01         0.603898571E-01
       0.866000000E+01         0.173937322E+01         0.603925439E-01
       0.868000000E+01         0.173926824E+01         0.603951537E-01
       0.870000000E+01         0.173916370E+01         0.603976870E-01
       0.872000000E+01         0.173905961E+01         0.604001443E-01
       0.874000000E+01         0.173895595E+01         0.604025261E-01
       0.876000000E+01         0.173885273E+01         0.604048329E-01
       0.878000000E+01         0.173874994E+01         0.604070654E-01
       0.880000000E+01         0.173864759E+01         0.604092243E-01
       0.882000000E+01         0.173854566E+01         0.604113102E-01
       0.884000000E+01         0.173844416E+01         0.604133238E-01
       0.886000000E+01         0.173834309E+01         0.604152660E-01
       0.888000000E+01         0.173824244E+01         0.604171375E-01
       0.890000000E+01         0.173814221E+01         0.604189391E-01
       0.892000000E+01         0.173804241E+01         0.604206718E-01
       0.894000000E+01         0.173794302E+01         0.604223363E-01
       0.896000000E+01         0.173784406E+01         0.604239337E-01
       0.898000000E+01         0.173774552E+01         0.604254648E-01
       0.900000000E+01         0.173764740E+01         0.604269306E-01
       0.902000000E+01         0.173754969E+01         0.604283321E-01
       0.904000000E+01         0.173745241E+01         0.604296704E-01
       0.906000000E+01         0.173735555E+01         0.604309464E-01
       0.908000000E+01         0.173725910E+01         0.604321613E-01
       0.910000000E+01         0.173716308E+01         0.604333160E-01
       0.912000000E+01         0.173706748E+01         0.604344118E-01
       0.914000000E+01         0.173697230E+01         0.604354497E-01
       0.916000000E+01         0.173687754E+01         0.604364308E-01
       0.918000000E+01         0.173678321E+01         0.604373564E-01
       0.920000000E+01         0.173668930E+01         0.604382274E-01
       0.922000000E+01         0.173659582E+01         0.604390452E-01
       0.924000000E+01         0.173650276E+01         0.604398108E-01
       0.926000000E+01         0.173641013E+01         0.604405255E-01
       0.928000000E+01         0.173631793E+01         0.604411905E-01
       0.930000000E+01         0.173622617E+01         0.604418070E-01
       0.932000000E+01         0.173613483E+01         0.604423761E-01
       0.934000000E+01         0.173604393E+01         0.604428991E-01
       0.936000000E+01         0.173595346E+01         0.604433773E-01
       0.938000000E+01         0.173586343E+01         0.604438117E-01
       0.940000000E+01         0.173577385E+01         0.604442037E-01
       0.942000000E+01         0.173568470E+01         0.604445545E-01
       0.944000000E+01         0.173559599E+01         0.604448652E-01
       0.946000000E+01         0.173550773E+01         0.604451372E-01
       0.948000000E+01         0.173541991E+01         0.604453715E-01
       0.950000000E+01         0.173533255E+01         0.604455695E-01
       0.952000000E+01         0.173524563E+01         0.604457324E-01
       0.954000000E+01         0.173515916E+01         0.604458612E-01
       0.956000000E+01         0.173507315E+01         0.604459573E-01
       0.958000000E+01         0.173498759E+01         0.604460219E-01
       0.960000000E+01         0.173490249E+01         0.604460560E-01
       0.962000000E+01         0.173481785E+01         0.604460609E-01
       0.964000000E+01         0.173473367E+01         0.604460378E-01
       0.966000000E+01         0.173464995E+01         0.604459877E-01
       0.968000000E+01         0.173456669E+01         0.604459119E-01
       0.970000000E+01         0.173448390E+01         0.604458114E-01
       0.972000000E+01         0.173440158E+01         0.604456874E-01
       0.974000000E+01         0.173431972E+01         0.604455410E-01
       0.976000000E+01         0.173423833E+01         0.604453733E-01
       0.978000000E+01         0.173415742E+01         0.604451853E-01
       0.980000000E+01         0.173407697E+01         0.604449782E-01
       0.982000000E+01         0.173399700E+01         0.604447529E-01
       0.984000000E+01         0.173391751E+01         0.604445105E-01
       0.986000000E+01         0.173383849E+01         0.604442520E-01
       0.988000000E+01         0.173375994E+01         0.604439784E-01
       0.990000000E+01         0.173368188E+01         0.604436908E-01
       0.992000000E+01         0.173360429E+01         0.604433899E-01
       0.994000000E+01         0.173352718E+01         0.604430769E-01
       0.996000000E+01         0.173345056E+01         0.604427526E-01
       0.998000000E+01         0.173337441E+01         0.604424180E-01
       0.100000000E+02         0.173329875E+01         0.604420739E-01
