#t,t_average_counter,delta(t),avg_delta_t,avg_delta_t_sqr,delta_2^2,avg_int,bar{u_t},bar{u_r},bar{u_z},fluct_mean_kin_energy
       0.200000000E-01     1       0.100000000E+01         0.100000000E+01         0.100000000E+01         0.000000000E+00         0.653488142E+00        -0.861067022E-05         0.509163624E+01        -0.203628732E-03         0.000000000E+00
       0.400000000E-01     2       0.995979547E+00         0.997989773E+00         0.995987629E+00         0.404101125E-05         0.651759686E+00        -0.887105279E-05         0.507806112E+01        -0.949126653E-04         0.438839689E-05
       0.600000000E-01     3       0.992280775E+00         0.996086774E+00         0.992198798E+00         0.993682249E-05         0.650082721E+00        -0.706407639E-05         0.506496132E+01        -0.624033535E-04         0.825823998E-05
       0.800000000E-01     4       0.989346166E+00         0.994401622E+00         0.988850557E+00         0.159718287E-04         0.648493592E+00        -0.565749079E-05         0.505256307E+01        -0.467069139E-04         0.130456283E-04
       0.100000000E+00     5       0.987038030E+00         0.992928903E+00         0.985929260E+00         0.214530598E-04         0.647003453E+00        -0.466745231E-05         0.504094245E+01        -0.369718207E-04         0.183624637E-04
       0.120000000E+00     6       0.985115345E+00         0.991626644E+00         0.983349757E+00         0.263569527E-04         0.645606094E+00        -0.396972564E-05         0.503004804E+01        -0.302995097E-04         0.233972975E-04
       0.140000000E+00     7       0.983427598E+00         0.990455351E+00         0.981032626E+00         0.308232270E-04         0.644291549E+00        -0.345993851E-05         0.501980086E+01        -0.254396053E-04         0.278394304E-04
       0.160000000E+00     8       0.981886505E+00         0.989384246E+00         0.978916187E+00         0.350011969E-04         0.643049860E+00        -0.307173970E-05         0.501012260E+01        -0.217514770E-04         0.316570735E-04
       0.180000000E+00     9       0.980443191E+00         0.988390795E+00         0.976955372E+00         0.390077262E-04         0.641872087E+00        -0.276665962E-05         0.500094321E+01        -0.188711110E-04         0.349359052E-04
       0.200000000E+00    10       0.979070389E+00         0.987458754E+00         0.975117717E+00         0.429252510E-04         0.640750480E+00        -0.252184644E-05         0.499220205E+01        -0.165729628E-04         0.377901026E-04
       0.220000000E+00    11       0.977751517E+00         0.986576278E+00         0.973379564E+00         0.468105971E-04         0.639678372E+00        -0.232264441E-05         0.498384704E+01        -0.147079912E-04         0.403236820E-04
       0.240000000E+00    12       0.976475222E+00         0.985734524E+00         0.971723255E+00         0.507037742E-04         0.638650035E+00        -0.215888367E-05         0.497583341E+01        -0.131730466E-04         0.426193188E-04
       0.260000000E+00    13       0.975232931E+00         0.984926709E+00         0.970135256E+00         0.546342609E-04         0.637660535E+00        -0.202309567E-05         0.496812265E+01        -0.118942802E-04         0.447388140E-04
       0.280000000E+00    14       0.974017785E+00         0.984147500E+00         0.968604927E+00         0.586249771E-04         0.636705608E+00        -0.190960974E-05         0.496068149E+01        -0.108174464E-04         0.467271361E-04
       0.300000000E+00    15       0.972824155E+00         0.983392610E+00         0.967123721E+00         0.626946627E-04         0.635781565E+00        -0.181404369E-05         0.495348112E+01        -0.990188803E-05         0.486167234E-04
       0.320000000E+00    16       0.971647382E+00         0.982658534E+00         0.965684653E+00         0.668592768E-04         0.634885202E+00        -0.173297991E-05         0.494649655E+01        -0.911662688E-05         0.504310094E-04
       0.340000000E+00    17       0.970483599E+00         0.981942361E+00         0.964281933E+00         0.711328304E-04         0.634013729E+00        -0.166373879E-05         0.493970603E+01        -0.843772946E-05         0.521870362E-04
       0.360000000E+00    18       0.969329593E+00         0.981241652E+00         0.962910707E+00         0.755278970E-04         0.633164715E+00        -0.160421013E-05         0.493309058E+01        -0.784648026E-05         0.538973129E-04
       0.380000000E+00    19       0.968182695E+00         0.980554338E+00         0.961566866E+00         0.800559422E-04         0.632336028E+00        -0.155272409E-05         0.492663359E+01        -0.732808553E-05         0.555711162E-04
       0.400000000E+00    20       0.967040678E+00         0.979878655E+00         0.960246906E+00         0.847275484E-04         0.631525799E+00        -0.150795143E-05         0.492032047E+01        -0.687073628E-05         0.572154013E-04
       0.420000000E+00    21       0.965901681E+00         0.979213085E+00         0.958947818E+00         0.895525766E-04         0.630732380E+00        -0.146882659E-05         0.491413838E+01        -0.646492041E-05         0.588354431E-04
       0.440000000E+00    22       0.964764144E+00         0.978556315E+00         0.957667002E+00         0.945402893E-04         0.629954317E+00        -0.143448861E-05         0.490807598E+01        -0.610291104E-05         0.604352902E-04
       0.460000000E+00    23       0.963626753E+00         0.977907203E+00         0.956402198E+00         0.996994454E-04         0.629190317E+00        -0.140423602E-05         0.490212319E+01        -0.577838155E-05         0.620180887E-04
       0.480000000E+00    24       0.962488395E+00         0.977264753E+00         0.955151436E+00         0.105038378E-03         0.628439233E+00        -0.137749243E-05         0.489627106E+01        -0.548611298E-05         0.635863145E-04
       0.500000000E+00    25       0.961348130E+00         0.976628088E+00         0.953912988E+00         0.110565057E-03         0.627700040E+00        -0.135378032E-05         0.489051160E+01        -0.522176959E-05         0.651419405E-04
       0.520000000E+00    26       0.960205154E+00         0.975996437E+00         0.952685332E+00         0.116287139E-03         0.626971819E+00        -0.133270092E-05         0.488483767E+01        -0.498172523E-05         0.666865593E-04
       0.540000000E+00    27       0.959058786E+00         0.975369116E+00         0.951467125E+00         0.122212012E-03         0.626253748E+00        -0.131391891E-05         0.487924283E+01        -0.476292789E-05         0.682214726E-04
       0.560000000E+00    28       0.957908440E+00         0.974745521E+00         0.950257177E+00         0.128346826E-03         0.625545082E+00        -0.129715040E-05         0.487372129E+01        -0.456279340E-05         0.697477586E-04
       0.580000000E+00    29       0.956753621E+00         0.974125111E+00         0.949054429E+00         0.134698525E-03         0.624845153E+00        -0.128215374E-05         0.486826784E+01        -0.437912127E-05         0.712663226E-04
       0.600000000E+00    30       0.955593902E+00         0.973507404E+00         0.947857939E+00         0.141273869E-03         0.624153354E+00        -0.126872213E-05         0.486287775E+01        -0.421002761E-05         0.727779356E-04
       0.620000000E+00    31       0.954428924E+00         0.972891969E+00         0.946666862E+00         0.148079448E-03         0.623469135E+00        -0.125667782E-05         0.485754672E+01        -0.405389152E-05         0.742832632E-04
       0.640000000E+00    32       0.953258379E+00         0.972278419E+00         0.945480446E+00         0.155121704E-03         0.622791994E+00        -0.124586739E-05         0.485227086E+01        -0.390931167E-05         0.757828882E-04
       0.660000000E+00    33       0.952082011E+00         0.971666407E+00         0.944298013E+00         0.162406939E-03         0.622121476E+00        -0.123615797E-05         0.484704661E+01        -0.377507120E-05         0.772773275E-04
       0.680000000E+00    34       0.950899602E+00         0.971055618E+00         0.943118955E+00         0.169941325E-03         0.621457164E+00        -0.122743400E-05         0.484187072E+01        -0.365010902E-05         0.787670446E-04
       0.700000000E+00    35       0.949710974E+00         0.970445771E+00         0.941942726E+00         0.177730912E-03         0.620798678E+00        -0.121959466E-05         0.483674024E+01        -0.353349628E-05         0.802524591E-04
       0.720000000E+00    36       0.948515982E+00         0.969836611E+00         0.940768833E+00         0.185781634E-03         0.620145668E+00        -0.121255168E-05         0.483165243E+01        -0.342441693E-05         0.817339535E-04
       0.740000000E+00    37       0.947314510E+00         0.969227905E+00         0.939596831E+00         0.194099312E-03         0.619497816E+00        -0.120622743E-05         0.482660480E+01        -0.332215163E-05         0.832118788E-04
       0.760000000E+00    38       0.946106470E+00         0.968619446E+00         0.938426321E+00         0.202689653E-03         0.618854826E+00        -0.120055344E-05         0.482159507E+01        -0.322606428E-05         0.846865577E-04
       0.780000000E+00    39       0.944891801E+00         0.968011045E+00         0.937256942E+00         0.211558258E-03         0.618216429E+00        -0.119546899E-05         0.481662113E+01        -0.313559078E-05         0.861582877E-04
       0.800000000E+00    40       0.943670463E+00         0.967402531E+00         0.936088367E+00         0.220710611E-03         0.617582376E+00        -0.119092001E-05         0.481168103E+01        -0.305022953E-05         0.876273427E-04
       0.820000000E+00    41       0.942442440E+00         0.966793748E+00         0.934920303E+00         0.230152080E-03         0.616952437E+00        -0.118685815E-05         0.480677300E+01        -0.296953339E-05         0.890939749E-04
       0.840000000E+00    42       0.941207737E+00         0.966184557E+00         0.933752486E+00         0.239887916E-03         0.616326401E+00        -0.118323991E-05         0.480189538E+01        -0.289310290E-05         0.905584147E-04
       0.860000000E+00    43       0.939966382E+00         0.965574832E+00         0.932584680E+00         0.249923239E-03         0.615704073E+00        -0.118002599E-05         0.479704665E+01        -0.282058039E-05         0.920208721E-04
       0.880000000E+00    44       0.938718421E+00         0.964964459E+00         0.931416670E+00         0.260263038E-03         0.615085272E+00        -0.117718068E-05         0.479222541E+01        -0.275164498E-05         0.934815366E-04
       0.900000000E+00    45       0.937463919E+00         0.964353336E+00         0.930248269E+00         0.270912159E-03         0.614469832E+00        -0.117467135E-05         0.478743036E+01        -0.268600832E-05         0.949405767E-04
       0.920000000E+00    46       0.936202962E+00         0.963741371E+00         0.929079306E+00         0.281875297E-03         0.613857599E+00        -0.117246807E-05         0.478266030E+01        -0.262341081E-05         0.963981404E-04
       0.940000000E+00    47       0.934935653E+00         0.963128484E+00         0.927909633E+00         0.293156987E-03         0.613248432E+00        -0.117054322E-05         0.477791412E+01        -0.256361835E-05         0.978543546E-04
       0.960000000E+00    48       0.933662113E+00         0.962514601E+00         0.926739119E+00         0.304761594E-03         0.612642198E+00        -0.116887119E-05         0.477319080E+01        -0.250641958E-05         0.993093248E-04
       0.980000000E+00    49       0.932382479E+00         0.961899660E+00         0.925567649E+00         0.316693302E-03         0.612038777E+00        -0.116742817E-05         0.476848940E+01        -0.245162336E-05         0.100763135E-03
       0.100000000E+01    50       0.931096904E+00         0.961283605E+00         0.924395125E+00         0.328956107E-03         0.611438056E+00        -0.116619191E-05         0.476380904E+01        -0.239905658E-05         0.102215847E-03
       0.102000000E+01    51       0.929805558E+00         0.960666388E+00         0.923221463E+00         0.341553805E-03         0.610839932E+00        -0.116514155E-05         0.475914891E+01        -0.234856233E-05         0.103667500E-03
       0.104000000E+01    52       0.928508623E+00         0.960047969E+00         0.922046594E+00         0.354489980E-03         0.610244310E+00        -0.116425751E-05         0.475450828E+01        -0.229999813E-05         0.105118113E-03
       0.106000000E+01    53       0.927206294E+00         0.959428315E+00         0.920870460E+00         0.367768002E-03         0.609651102E+00        -0.116352136E-05         0.474988646E+01        -0.225323450E-05         0.106567681E-03
       0.108000000E+01    54       0.925898782E+00         0.958807398E+00         0.919693017E+00         0.381391012E-03         0.609060227E+00        -0.116291570E-05         0.474528282E+01        -0.220815360E-05         0.108016178E-03
       0.110000000E+01    55       0.924586303E+00         0.958185196E+00         0.918514232E+00         0.395361919E-03         0.608471610E+00        -0.116242413E-05         0.474069678E+01        -0.216464805E-05         0.109463558E-03
       0.112000000E+01    56       0.923269089E+00         0.957561694E+00         0.917334082E+00         0.409683391E-03         0.607885185E+00        -0.116203115E-05         0.473612781E+01        -0.212261993E-05         0.110909754E-03
       0.114000000E+01    57       0.921947377E+00         0.956936882E+00         0.916152553E+00         0.424357846E-03         0.607300887E+00        -0.116172213E-05         0.473157541E+01        -0.208197977E-05         0.112354679E-03
       0.116000000E+01    58       0.920621414E+00         0.956310753E+00         0.914969644E+00         0.439387452E-03         0.606718659E+00        -0.116148324E-05         0.472703915E+01        -0.204264579E-05         0.113798227E-03
       0.118000000E+01    59       0.919291455E+00         0.955683307E+00         0.913785358E+00         0.454774119E-03         0.606138450E+00        -0.116130146E-05         0.472251862E+01        -0.200454308E-05         0.115240276E-03
       0.120000000E+01    60       0.917957761E+00         0.955054548E+00         0.912599709E+00         0.470519493E-03         0.605560212E+00        -0.116116449E-05         0.471801344E+01        -0.196760298E-05         0.116680687E-03
       0.122000000E+01    61       0.916620597E+00         0.954424483E+00         0.911412719E+00         0.486624956E-03         0.604983901E+00        -0.116106078E-05         0.471352328E+01        -0.193176245E-05         0.118119308E-03
       0.124000000E+01    62       0.915280234E+00         0.953793124E+00         0.910224416E+00         0.503091621E-03         0.604409477E+00        -0.116097947E-05         0.470904782E+01        -0.189696356E-05         0.119555973E-03
       0.126000000E+01    63       0.913936947E+00         0.953160487E+00         0.909034834E+00         0.519920331E-03         0.603836906E+00        -0.116091038E-05         0.470458680E+01        -0.186315296E-05         0.120990505E-03
       0.128000000E+01    64       0.912591015E+00         0.952526589E+00         0.907844014E+00         0.537111656E-03         0.603266155E+00        -0.116084399E-05         0.470013996E+01        -0.183028149E-05         0.122422715E-03
       0.130000000E+01    65       0.911242720E+00         0.951891452E+00         0.906652003E+00         0.554665891E-03         0.602697195E+00        -0.116077143E-05         0.469570708E+01        -0.179830377E-05         0.123852410E-03
       0.132000000E+01    66       0.909892343E+00         0.951255102E+00         0.905458852E+00         0.572583060E-03         0.602130001E+00        -0.116068444E-05         0.469128795E+01        -0.176717784E-05         0.125279388E-03
       0.134000000E+01    67       0.908540171E+00         0.950617566E+00         0.904264620E+00         0.590862911E-03         0.601564549E+00        -0.116057538E-05         0.468688240E+01        -0.173686484E-05         0.126703443E-03
       0.136000000E+01    68       0.907186489E+00         0.949978874E+00         0.903069365E+00         0.609504917E-03         0.601000819E+00        -0.116043720E-05         0.468249027E+01        -0.170732875E-05         0.128124365E-03
       0.138000000E+01    69       0.905831584E+00         0.949339058E+00         0.901873155E+00         0.628508281E-03         0.600438793E+00        -0.116026340E-05         0.467811141E+01        -0.167853612E-05         0.129541944E-03
       0.140000000E+01    70       0.904475743E+00         0.948698153E+00         0.900676058E+00         0.647871933E-03         0.599878456E+00        -0.116004806E-05         0.467374571E+01        -0.165045583E-05         0.130955968E-03
       0.142000000E+01    71       0.903119252E+00         0.948056197E+00         0.899478147E+00         0.667594534E-03         0.599319794E+00        -0.115978579E-05         0.466939306E+01        -0.162305888E-05         0.132366228E-03
       0.144000000E+01    72       0.901762398E+00         0.947413228E+00         0.898279498E+00         0.687674476E-03         0.598762795E+00        -0.115947171E-05         0.466505337E+01        -0.159631823E-05         0.133772517E-03
       0.146000000E+01    73       0.900405464E+00         0.946769286E+00         0.897080190E+00         0.708109888E-03         0.598207449E+00        -0.115910146E-05         0.466072656E+01        -0.157020859E-05         0.135174633E-03
       0.148000000E+01    74       0.899048733E+00         0.946124413E+00         0.895880304E+00         0.728898639E-03         0.597653748E+00        -0.115867114E-05         0.465641257E+01        -0.154470631E-05         0.136572377E-03
       0.150000000E+01    75       0.897692488E+00         0.945478654E+00         0.894679924E+00         0.750038338E-03         0.597101685E+00        -0.115817734E-05         0.465211134E+01        -0.151978919E-05         0.137965558E-03
       0.152000000E+01    76       0.896337007E+00         0.944832054E+00         0.893479136E+00         0.771526340E-03         0.596551254E+00        -0.115761708E-05         0.464782283E+01        -0.149543642E-05         0.139353994E-03
       0.154000000E+01    77       0.894982565E+00         0.944184658E+00         0.892278027E+00         0.793359753E-03         0.596002452E+00        -0.115698781E-05         0.464354700E+01        -0.147162841E-05         0.140737507E-03
       0.156000000E+01    78       0.893629437E+00         0.943536514E+00         0.891076688E+00         0.815535439E-03         0.595455274E+00        -0.115628739E-05         0.463928383E+01        -0.144834671E-05         0.142115933E-03
       0.158000000E+01    79       0.892277892E+00         0.942887670E+00         0.889875209E+00         0.838050022E-03         0.594909719E+00        -0.115551409E-05         0.463503331E+01        -0.142557393E-05         0.143489114E-03
       0.160000000E+01    80       0.890928197E+00         0.942238177E+00         0.888673682E+00         0.860899891E-03         0.594365786E+00        -0.115466652E-05         0.463079542E+01        -0.140329363E-05         0.144856906E-03
       0.162000000E+01    81       0.889580614E+00         0.941588084E+00         0.887472201E+00         0.884081208E-03         0.593823472E+00        -0.115374365E-05         0.462657015E+01        -0.138149026E-05         0.146219173E-03
       0.164000000E+01    82       0.888235401E+00         0.940937441E+00         0.886270858E+00         0.907589916E-03         0.593282780E+00        -0.115274480E-05         0.462235751E+01        -0.136014911E-05         0.147575795E-03
       0.166000000E+01    83       0.886892813E+00         0.940286301E+00         0.885069750E+00         0.931421739E-03         0.592743709E+00        -0.115166958E-05         0.461815751E+01        -0.133925620E-05         0.148926661E-03
       0.168000000E+01    84       0.885553098E+00         0.939634715E+00         0.883868970E+00         0.955572196E-03         0.592206260E+00        -0.115051793E-05         0.461397015E+01        -0.131879826E-05         0.150271673E-03
       0.170000000E+01    85       0.884216500E+00         0.938982736E+00         0.882668616E+00         0.980036607E-03         0.591670436E+00        -0.114929002E-05         0.460979544E+01        -0.129876268E-05         0.151610749E-03
       0.172000000E+01    86       0.882883259E+00         0.938330417E+00         0.881468781E+00         0.100481010E-02         0.591136238E+00        -0.114798631E-05         0.460563340E+01        -0.127913745E-05         0.152943817E-03
       0.174000000E+01    87       0.881553608E+00         0.937677810E+00         0.880269563E+00         0.102988760E-02         0.590603668E+00        -0.114660749E-05         0.460148404E+01        -0.125991110E-05         0.154270820E-03
       0.176000000E+01    88       0.880227776E+00         0.937024969E+00         0.879071056E+00         0.105526389E-02         0.590072729E+00        -0.114515448E-05         0.459734740E+01        -0.124107270E-05         0.155591714E-03
       0.178000000E+01    89       0.878905985E+00         0.936371946E+00         0.877873355E+00         0.108093354E-02         0.589543423E+00        -0.114362839E-05         0.459322348E+01        -0.122261181E-05         0.156906469E-03
       0.180000000E+01    90       0.877588451E+00         0.935718796E+00         0.876676557E+00         0.110689100E-02         0.589015754E+00        -0.114203054E-05         0.458911231E+01        -0.120451844E-05         0.158215068E-03
       0.182000000E+01    91       0.876275386E+00         0.935065572E+00         0.875480755E+00         0.113313054E-02         0.588489724E+00        -0.114036239E-05         0.458501391E+01        -0.118678301E-05         0.159517510E-03
       0.184000000E+01    92       0.874966994E+00         0.934412327E+00         0.874286042E+00         0.115964630E-02         0.587965335E+00        -0.113862557E-05         0.458092830E+01        -0.116939635E-05         0.160813802E-03
       0.186000000E+01    93       0.873663473E+00         0.933759113E+00         0.873092514E+00         0.118643226E-02         0.587442592E+00        -0.113682186E-05         0.457685551E+01        -0.115234967E-05         0.162103970E-03
       0.188000000E+01    94       0.872365016E+00         0.933105984E+00         0.871900260E+00         0.121348231E-02         0.586921495E+00        -0.113495315E-05         0.457279555E+01        -0.113563451E-05         0.163388048E-03
       0.190000000E+01    95       0.871071809E+00         0.932452993E+00         0.870709375E+00         0.124079019E-02         0.586402048E+00        -0.113302144E-05         0.456874844E+01        -0.111924276E-05         0.164666086E-03
       0.192000000E+01    96       0.869784031E+00         0.931800191E+00         0.869519946E+00         0.126834955E-02         0.585884254E+00        -0.113102883E-05         0.456471421E+01        -0.110316660E-05         0.165938143E-03
       0.194000000E+01    97       0.868501855E+00         0.931147631E+00         0.868332065E+00         0.129615392E-02         0.585368114E+00        -0.112897749E-05         0.456069287E+01        -0.108739852E-05         0.167204291E-03
       0.196000000E+01    98       0.867225448E+00         0.930495364E+00         0.867145819E+00         0.132419675E-02         0.584853631E+00        -0.112686968E-05         0.455668443E+01        -0.107193127E-05         0.168464613E-03
       0.198000000E+01    99       0.865954970E+00         0.929843441E+00         0.865961296E+00         0.135247140E-02         0.584340805E+00        -0.112470770E-05         0.455268892E+01        -0.105675787E-05         0.169719204E-03
       0.200000000E+01   100       0.864690574E+00         0.929191912E+00         0.864778581E+00         0.138097116E-02         0.583829640E+00        -0.112249390E-05         0.454870633E+01        -0.104187159E-05         0.170968165E-03
       0.202000000E+01   101       0.863432409E+00         0.928540828E+00         0.863597759E+00         0.140968924E-02         0.583320135E+00        -0.112023066E-05         0.454473669E+01        -0.102726591E-05         0.172211611E-03
       0.204000000E+01   102       0.862180614E+00         0.927890238E+00         0.862418912E+00         0.143861880E-02         0.582812293E+00        -0.111792039E-05         0.454078000E+01        -0.101293456E-05         0.173449663E-03
       0.206000000E+01   103       0.860935323E+00         0.927240190E+00         0.861242123E+00         0.146775296E-02         0.582306113E+00        -0.111556550E-05         0.453683626E+01        -0.998871464E-06         0.174682451E-03
       0.208000000E+01   104       0.859696666E+00         0.926590733E+00         0.860067471E+00         0.149708476E-02         0.581801595E+00        -0.111316843E-05         0.453290547E+01        -0.985070741E-06         0.175910112E-03
       0.210000000E+01   105       0.858464762E+00         0.925941914E+00         0.858895036E+00         0.152660726E-02         0.581298741E+00        -0.111073160E-05         0.452898764E+01        -0.971526705E-06         0.177132790E-03
       0.212000000E+01   106       0.857239728E+00         0.925293780E+00         0.857724894E+00         0.155631343E-02         0.580797549E+00        -0.110825740E-05         0.452508276E+01        -0.958233845E-06         0.178350636E-03
       0.214000000E+01   107       0.856021673E+00         0.924646378E+00         0.856557120E+00         0.158619628E-02         0.580298019E+00        -0.110574825E-05         0.452119083E+01        -0.945186820E-06         0.179563805E-03
       0.216000000E+01   108       0.854810698E+00         0.923999751E+00         0.855391788E+00         0.161624876E-02         0.579800149E+00        -0.110320649E-05         0.451731184E+01        -0.932380451E-06         0.180772459E-03
       0.218000000E+01   109       0.853606902E+00         0.923353945E+00         0.854228971E+00         0.164646385E-02         0.579303939E+00        -0.110063446E-05         0.451344578E+01        -0.919809712E-06         0.181976762E-03
       0.220000000E+01   110       0.852410374E+00         0.922709003E+00         0.853068739E+00         0.167683450E-02         0.578809386E+00        -0.109803445E-05         0.450959263E+01        -0.907469720E-06         0.183176882E-03
       0.222000000E+01   111       0.851221199E+00         0.922064969E+00         0.851911161E+00         0.170735370E-02         0.578316488E+00        -0.109540873E-05         0.450575237E+01        -0.895355734E-06         0.184372990E-03
       0.224000000E+01   112       0.850039457E+00         0.921421884E+00         0.850756303E+00         0.173801444E-02         0.577825243E+00        -0.109275948E-05         0.450192499E+01        -0.883463141E-06         0.185565259E-03
       0.226000000E+01   113       0.848865220E+00         0.920779790E+00         0.849604231E+00         0.176880972E-02         0.577335648E+00        -0.109008887E-05         0.449811047E+01        -0.871787455E-06         0.186753865E-03
       0.228000000E+01   114       0.847698555E+00         0.920138726E+00         0.848455008E+00         0.179973259E-02         0.576847700E+00        -0.108739900E-05         0.449430878E+01        -0.860324309E-06         0.187938983E-03
       0.230000000E+01   115       0.846539526E+00         0.919498733E+00         0.847308697E+00         0.183077613E-02         0.576361395E+00        -0.108469190E-05         0.449051989E+01        -0.849069449E-06         0.189120788E-03
       0.232000000E+01   116       0.845388189E+00         0.918859849E+00         0.846165356E+00         0.186193344E-02         0.575876729E+00        -0.108196955E-05         0.448674377E+01        -0.838018730E-06         0.190299457E-03
       0.234000000E+01   117       0.844244596E+00         0.918222112E+00         0.845025045E+00         0.189319770E-02         0.575393698E+00        -0.107923387E-05         0.448298039E+01        -0.827168108E-06         0.191475165E-03
       0.236000000E+01   118       0.843108791E+00         0.917585559E+00         0.843887819E+00         0.192456210E-02         0.574912298E+00        -0.107648670E-05         0.447922972E+01        -0.816513637E-06         0.192648085E-03
       0.238000000E+01   119       0.841980818E+00         0.916950225E+00         0.842753734E+00         0.195601992E-02         0.574432524E+00        -0.107372985E-05         0.447549171E+01        -0.806051466E-06         0.193818389E-03
       0.240000000E+01   120       0.840860713E+00         0.916316145E+00         0.841622843E+00         0.198756448E-02         0.573954371E+00        -0.107096501E-05         0.447176634E+01        -0.795777833E-06         0.194986247E-03
       0.242000000E+01   121       0.839748507E+00         0.915683355E+00         0.840495196E+00         0.201918917E-02         0.573477832E+00        -0.106819384E-05         0.446805354E+01        -0.785689058E-06         0.196151826E-03
       0.244000000E+01   122       0.838644228E+00         0.915051887E+00         0.839370843E+00         0.205088745E-02         0.573002904E+00        -0.106541792E-05         0.446435329E+01        -0.775781545E-06         0.197315290E-03
       0.246000000E+01   123       0.837547898E+00         0.914421773E+00         0.838249832E+00         0.208265285E-02         0.572529579E+00        -0.106263877E-05         0.446066553E+01        -0.766051776E-06         0.198476799E-03
       0.248000000E+01   124       0.836459537E+00         0.913793045E+00         0.837132208E+00         0.211447898E-02         0.572057851E+00        -0.105985780E-05         0.445699022E+01        -0.756496303E-06         0.199636510E-03
       0.250000000E+01   125       0.835379158E+00         0.913165734E+00         0.836018018E+00         0.214635953E-02         0.571587715E+00        -0.105707641E-05         0.445332730E+01        -0.747111753E-06         0.200794576E-03
       0.252000000E+01   126       0.834306773E+00         0.912539869E+00         0.834907301E+00         0.217828827E-02         0.571119163E+00        -0.105429589E-05         0.444967673E+01        -0.737894820E-06         0.201951144E-03
       0.254000000E+01   127       0.833242388E+00         0.911915480E+00         0.833800101E+00         0.221025906E-02         0.570652188E+00        -0.105151747E-05         0.444603845E+01        -0.728842261E-06         0.203106358E-03
       0.256000000E+01   128       0.832186006E+00         0.911292593E+00         0.832696456E+00         0.224226583E-02         0.570186783E+00        -0.104874233E-05         0.444241240E+01        -0.719950898E-06         0.204260356E-03
       0.258000000E+01   129       0.831137627E+00         0.910671237E+00         0.831596404E+00         0.227430264E-02         0.569722942E+00        -0.104597156E-05         0.443879853E+01        -0.711217612E-06         0.205413273E-03
       0.260000000E+01   130       0.830097246E+00         0.910051437E+00         0.830499982E+00         0.230636361E-02         0.569260656E+00        -0.104320620E-05         0.443519678E+01        -0.702639342E-06         0.206565236E-03
       0.262000000E+01   131       0.829064858E+00         0.909433219E+00         0.829407222E+00         0.233844296E-02         0.568799918E+00        -0.104044722E-05         0.443160709E+01        -0.694213083E-06         0.207716369E-03
       0.264000000E+01   132       0.828040452E+00         0.908816607E+00         0.828318160E+00         0.237053502E-02         0.568340720E+00        -0.103769554E-05         0.442802940E+01        -0.685935883E-06         0.208866788E-03
       0.266000000E+01   133       0.827024015E+00         0.908201625E+00         0.827232826E+00         0.240263421E-02         0.567883055E+00        -0.103495200E-05         0.442446365E+01        -0.677804843E-06         0.210016606E-03
       0.268000000E+01   134       0.826015531E+00         0.907588296E+00         0.826151250E+00         0.243473505E-02         0.567426913E+00        -0.103221739E-05         0.442090977E+01        -0.669817113E-06         0.211165929E-03
       0.270000000E+01   135       0.825014983E+00         0.906976642E+00         0.825073461E+00         0.246683216E-02         0.566972287E+00        -0.102949244E-05         0.441736770E+01        -0.661969894E-06         0.212314858E-03
       0.272000000E+01   136       0.824022348E+00         0.906366684E+00         0.823999486E+00         0.249892028E-02         0.566519169E+00        -0.102677785E-05         0.441383738E+01        -0.654260433E-06         0.213463487E-03
       0.274000000E+01   137       0.823037605E+00         0.905758442E+00         0.822929350E+00         0.253099423E-02         0.566067550E+00        -0.102407422E-05         0.441031874E+01        -0.646686022E-06         0.214611905E-03
       0.276000000E+01   138       0.822060728E+00         0.905151937E+00         0.821863078E+00         0.256304894E-02         0.565617422E+00        -0.102138213E-05         0.440681171E+01        -0.639244002E-06         0.215760197E-03
       0.278000000E+01   139       0.821091689E+00         0.904547187E+00         0.820800693E+00         0.259507945E-02         0.565168776E+00        -0.101870210E-05         0.440331623E+01        -0.631931753E-06         0.216908440E-03
       0.280000000E+01   140       0.820130460E+00         0.903944211E+00         0.819742217E+00         0.262708090E-02         0.564721603E+00        -0.101603461E-05         0.439983223E+01        -0.624746702E-06         0.218056707E-03
       0.282000000E+01   141       0.819177009E+00         0.903343025E+00         0.818687669E+00         0.265904854E-02         0.564275895E+00        -0.101338009E-05         0.439635965E+01        -0.617686315E-06         0.219205064E-03
       0.284000000E+01   142       0.818231302E+00         0.902743646E+00         0.817637069E+00         0.269097771E-02         0.563831643E+00        -0.101073891E-05         0.439289840E+01        -0.610748101E-06         0.220353573E-03
       0.286000000E+01   143       0.817293307E+00         0.902146092E+00         0.816590434E+00         0.272286387E-02         0.563388839E+00        -0.100811143E-05         0.438944844E+01        -0.603929609E-06         0.221502291E-03
       0.288000000E+01   144       0.816362987E+00         0.901550376E+00         0.815547782E+00         0.275470259E-02         0.562947473E+00        -0.100549794E-05         0.438600968E+01        -0.597228428E-06         0.222651268E-03
       0.290000000E+01   145       0.815440304E+00         0.900956513E+00         0.814509128E+00         0.278648951E-02         0.562507537E+00        -0.100289870E-05         0.438258206E+01        -0.590642186E-06         0.223800551E-03
       0.292000000E+01   146       0.814525221E+00         0.900364518E+00         0.813474485E+00         0.281822042E-02         0.562069021E+00        -0.100031395E-05         0.437916552E+01        -0.584168550E-06         0.224950181E-03
       0.294000000E+01   147       0.813617697E+00         0.899774403E+00         0.812443868E+00         0.284989116E-02         0.561631918E+00        -0.997743871E-06         0.437575997E+01        -0.577805224E-06         0.226100194E-03
       0.296000000E+01   148       0.812717692E+00         0.899186182E+00         0.811417288E+00         0.288149773E-02         0.561196218E+00        -0.995188632E-06         0.437236536E+01        -0.571549950E-06         0.227250621E-03
       0.298000000E+01   149       0.811825165E+00         0.898599867E+00         0.810394757E+00         0.291303617E-02         0.560761913E+00        -0.992648357E-06         0.436898161E+01        -0.565400508E-06         0.228401491E-03
       0.300000000E+01   150       0.810940072E+00         0.898015468E+00         0.809376284E+00         0.294450267E-02         0.560328993E+00        -0.990123147E-06         0.436560866E+01        -0.559354714E-06         0.229552825E-03
       0.302000000E+01   151       0.810062370E+00         0.897432997E+00         0.808361878E+00         0.297589350E-02         0.559897451E+00        -0.987613080E-06         0.436224644E+01        -0.553410420E-06         0.230704643E-03
       0.304000000E+01   152       0.809192015E+00         0.896852465E+00         0.807351548E+00         0.300720502E-02         0.559467276E+00        -0.985118199E-06         0.435889488E+01        -0.547565516E-06         0.231856958E-03
       0.306000000E+01   153       0.808328963E+00         0.896273880E+00         0.806345301E+00         0.303843369E-02         0.559038462E+00        -0.982638526E-06         0.435555391E+01        -0.541817926E-06         0.233009781E-03
       0.308000000E+01   154       0.807473167E+00         0.895697252E+00         0.805343143E+00         0.306957608E-02         0.558610998E+00        -0.980174070E-06         0.435222347E+01        -0.536165608E-06         0.234163118E-03
       0.310000000E+01   155       0.806624582E+00         0.895122589E+00         0.804345079E+00         0.310062884E-02         0.558184878E+00        -0.977724806E-06         0.434890349E+01        -0.530606559E-06         0.235316974E-03
       0.312000000E+01   156       0.805783162E+00         0.894549901E+00         0.803351113E+00         0.313158872E-02         0.557760091E+00        -0.975290698E-06         0.434559391E+01        -0.525138808E-06         0.236471345E-03
       0.314000000E+01   157       0.804948860E+00         0.893979193E+00         0.802361251E+00         0.316245255E-02         0.557336629E+00        -0.972871693E-06         0.434229465E+01        -0.519760418E-06         0.237626229E-03
       0.316000000E+01   158       0.804121628E+00         0.893410475E+00         0.801375493E+00         0.319321727E-02         0.556914485E+00        -0.970467720E-06         0.433900565E+01        -0.514469488E-06         0.238781618E-03
       0.318000000E+01   159       0.803301420E+00         0.892843751E+00         0.800393843E+00         0.322387989E-02         0.556493650E+00        -0.968078687E-06         0.433572686E+01        -0.509264151E-06         0.239937500E-03
       0.320000000E+01   160       0.802488186E+00         0.892279029E+00         0.799416303E+00         0.325443753E-02         0.556074116E+00        -0.965704503E-06         0.433245819E+01        -0.504142573E-06         0.241093862E-03
       0.322000000E+01   161       0.801681880E+00         0.891716313E+00         0.798442871E+00         0.328488738E-02         0.555655874E+00        -0.963345048E-06         0.432919960E+01        -0.499102953E-06         0.242250685E-03
       0.324000000E+01   162       0.800882452E+00         0.891155611E+00         0.797473549E+00         0.331522672E-02         0.555238916E+00        -0.961000207E-06         0.432595102E+01        -0.494143523E-06         0.243407951E-03
       0.326000000E+01   163       0.800089855E+00         0.890596925E+00         0.796508336E+00         0.334545290E-02         0.554823235E+00        -0.958669843E-06         0.432271238E+01        -0.489262551E-06         0.244565634E-03
       0.328000000E+01   164       0.799304039E+00         0.890040261E+00         0.795547230E+00         0.337556338E-02         0.554408823E+00        -0.956353813E-06         0.431948362E+01        -0.484458334E-06         0.245723709E-03
       0.330000000E+01   165       0.798524956E+00         0.889485623E+00         0.794590229E+00         0.340555568E-02         0.553995671E+00        -0.954051975E-06         0.431626469E+01        -0.479729202E-06         0.246882147E-03
       0.332000000E+01   166       0.797752557E+00         0.888933014E+00         0.793637331E+00         0.343542741E-02         0.553583773E+00        -0.951764163E-06         0.431305552E+01        -0.475073520E-06         0.248040915E-03
       0.334000000E+01   167       0.796986792E+00         0.888382438E+00         0.792688532E+00         0.346517626E-02         0.553173120E+00        -0.949490226E-06         0.430985605E+01        -0.470489681E-06         0.249199978E-03
       0.336000000E+01   168       0.796227614E+00         0.887833897E+00         0.791743829E+00         0.349479997E-02         0.552763704E+00        -0.947229988E-06         0.430666623E+01        -0.465976111E-06         0.250359299E-03
       0.338000000E+01   169       0.795474971E+00         0.887287395E+00         0.790803217E+00         0.352429641E-02         0.552355519E+00        -0.944983287E-06         0.430348599E+01        -0.461531269E-06         0.251518836E-03
       0.340000000E+01   170       0.794728816E+00         0.886742932E+00         0.789866692E+00         0.355366346E-02         0.551948557E+00        -0.942749941E-06         0.430031528E+01        -0.457153643E-06         0.252678546E-03
       0.342000000E+01   171       0.793989099E+00         0.886200512E+00         0.788934247E+00         0.358289912E-02         0.551542811E+00        -0.940529777E-06         0.429715404E+01        -0.452841752E-06         0.253838383E-03
       0.344000000E+01   172       0.793255771E+00         0.885660136E+00         0.788005878E+00         0.361200145E-02         0.551138273E+00        -0.938322614E-06         0.429400222E+01        -0.448594145E-06         0.254998297E-03
       0.346000000E+01   173       0.792528782E+00         0.885121804E+00         0.787081577E+00         0.364096858E-02         0.550734937E+00        -0.936128272E-06         0.429085976E+01        -0.444409401E-06         0.256158236E-03
       0.348000000E+01   174       0.791808082E+00         0.884585519E+00         0.786161339E+00         0.366979869E-02         0.550332795E+00        -0.933946572E-06         0.428772661E+01        -0.440286131E-06         0.257318145E-03
       0.350000000E+01   175       0.791093623E+00         0.884051279E+00         0.785245154E+00         0.369849005E-02         0.549931841E+00        -0.931777330E-06         0.428460271E+01        -0.436222972E-06         0.258477967E-03
       0.352000000E+01   176       0.790385355E+00         0.883519087E+00         0.784333017E+00         0.372704100E-02         0.549532068E+00        -0.929620365E-06         0.428148801E+01        -0.432218591E-06         0.259637639E-03
       0.354000000E+01   177       0.789683229E+00         0.882988940E+00         0.783424919E+00         0.375544993E-02         0.549133468E+00        -0.927475495E-06         0.427838246E+01        -0.428271686E-06         0.260797099E-03
       0.356000000E+01   178       0.788987195E+00         0.882460841E+00         0.782520851E+00         0.378371530E-02         0.548736036E+00        -0.925342541E-06         0.427528600E+01        -0.424380980E-06         0.261956279E-03
       0.358000000E+01   179       0.788297203E+00         0.881934787E+00         0.781620804E+00         0.381183564E-02         0.548339765E+00        -0.923221323E-06         0.427219859E+01        -0.420545226E-06         0.263115109E-03
       0.360000000E+01   180       0.787613204E+00         0.881410778E+00         0.780724769E+00         0.383980953E-02         0.547944649E+00        -0.921111662E-06         0.426912017E+01        -0.416763204E-06         0.264273516E-03
       0.362000000E+01   181       0.786935150E+00         0.880888813E+00         0.779832737E+00         0.386763561E-02         0.547550680E+00        -0.919013386E-06         0.426605070E+01        -0.413033722E-06         0.265431424E-03
       0.364000000E+01   182       0.786262990E+00         0.880368891E+00         0.778944697E+00         0.389531261E-02         0.547157854E+00        -0.916926314E-06         0.426299012E+01        -0.409355613E-06         0.266588753E-03
       0.366000000E+01   183       0.785596674E+00         0.879851010E+00         0.778060639E+00         0.392283927E-02         0.546766163E+00        -0.914850278E-06         0.425993839E+01        -0.405727739E-06         0.267745420E-03
       0.368000000E+01   184       0.784936155E+00         0.879335169E+00         0.777180553E+00         0.395021443E-02         0.546375602E+00        -0.912785109E-06         0.425689547E+01        -0.402148985E-06         0.268901340E-03
       0.370000000E+01   185       0.784281381E+00         0.878821364E+00         0.776304427E+00         0.397743697E-02         0.545986165E+00        -0.910730639E-06         0.425386130E+01        -0.398618266E-06         0.270056423E-03
       0.372000000E+01   186       0.783632305E+00         0.878309595E+00         0.775432251E+00         0.400450581E-02         0.545597845E+00        -0.908686702E-06         0.425083583E+01        -0.395134518E-06         0.271210577E-03
       0.374000000E+01   187       0.782988876E+00         0.877799859E+00         0.774564012E+00         0.403141996E-02         0.545210637E+00        -0.906653136E-06         0.424781904E+01        -0.391696706E-06         0.272363706E-03
       0.376000000E+01   188       0.782351046E+00         0.877292152E+00         0.773699699E+00         0.405817845E-02         0.544824536E+00        -0.904629785E-06         0.424481086E+01        -0.388303816E-06         0.273515711E-03
       0.378000000E+01   189       0.781718765E+00         0.876786473E+00         0.772839300E+00         0.408478037E-02         0.544439535E+00        -0.902616490E-06         0.424181125E+01        -0.384954860E-06         0.274666491E-03
       0.380000000E+01   190       0.781091984E+00         0.876282818E+00         0.771982802E+00         0.411122489E-02         0.544055629E+00        -0.900613097E-06         0.423882018E+01        -0.381648875E-06         0.275815939E-03
       0.382000000E+01   191       0.780470654E+00         0.875781183E+00         0.771130192E+00         0.413751119E-02         0.543672813E+00        -0.898619459E-06         0.423583759E+01        -0.378384919E-06         0.276963947E-03
       0.384000000E+01   192       0.779854726E+00         0.875281566E+00         0.770281459E+00         0.416363852E-02         0.543291081E+00        -0.896635424E-06         0.423286346E+01        -0.375162074E-06         0.278110403E-03
       0.386000000E+01   193       0.779244152E+00         0.874783963E+00         0.769436589E+00         0.418960618E-02         0.542910427E+00        -0.894660852E-06         0.422989772E+01        -0.371979446E-06         0.279255191E-03
       0.388000000E+01   194       0.778638881E+00         0.874288370E+00         0.768595568E+00         0.421541351E-02         0.542530848E+00        -0.892695599E-06         0.422694036E+01        -0.368836162E-06         0.280398193E-03
       0.390000000E+01   195       0.778038866E+00         0.873794783E+00         0.767758383E+00         0.424105990E-02         0.542152336E+00        -0.890739528E-06         0.422399131E+01        -0.365731371E-06         0.281539289E-03
       0.392000000E+01   196       0.777444059E+00         0.873303198E+00         0.766925020E+00         0.426654478E-02         0.541774888E+00        -0.888792503E-06         0.422105055E+01        -0.362664243E-06         0.282678353E-03
       0.394000000E+01   197       0.776854409E+00         0.872813610E+00         0.766095465E+00         0.429186764E-02         0.541398499E+00        -0.886854390E-06         0.421811804E+01        -0.359633972E-06         0.283815258E-03
       0.396000000E+01   198       0.776269870E+00         0.872326015E+00         0.765269705E+00         0.431702801E-02         0.541023162E+00        -0.884925060E-06         0.421519373E+01        -0.356639769E-06         0.284949873E-03
       0.398000000E+01   199       0.775690393E+00         0.871840409E+00         0.764447724E+00         0.434202544E-02         0.540648874E+00        -0.883004383E-06         0.421227760E+01        -0.353680868E-06         0.286082067E-03
       0.400000000E+01   200       0.775115929E+00         0.871356787E+00         0.763629509E+00         0.436685954E-02         0.540275630E+00        -0.881092238E-06         0.420936959E+01        -0.350756523E-06         0.287211702E-03
       0.402000000E+01   201       0.774546431E+00         0.870875143E+00         0.762815045E+00         0.439152998E-02         0.539903425E+00        -0.879188498E-06         0.420646968E+01        -0.347866006E-06         0.288338641E-03
       0.404000000E+01   202       0.773981851E+00         0.870395473E+00         0.762004316E+00         0.441603643E-02         0.539532254E+00        -0.877293046E-06         0.420357782E+01        -0.345008611E-06         0.289462742E-03
       0.406000000E+01   203       0.773422142E+00         0.869917772E+00         0.761197309E+00         0.444037863E-02         0.539162113E+00        -0.875405762E-06         0.420069399E+01        -0.342183649E-06         0.290583863E-03
       0.408000000E+01   204       0.772867256E+00         0.869442034E+00         0.760394007E+00         0.446455634E-02         0.538792996E+00        -0.873526529E-06         0.419781815E+01        -0.339390450E-06         0.291701858E-03
       0.410000000E+01   205       0.772317146E+00         0.868968254E+00         0.759594397E+00         0.448856937E-02         0.538424901E+00        -0.871655232E-06         0.419495026E+01        -0.336628362E-06         0.292816580E-03
       0.412000000E+01   206       0.771771766E+00         0.868496427E+00         0.758798461E+00         0.451241757E-02         0.538057821E+00        -0.869791759E-06         0.419209028E+01        -0.333896753E-06         0.293927879E-03
       0.414000000E+01   207       0.771231068E+00         0.868026546E+00         0.758006185E+00         0.453610080E-02         0.537691754E+00        -0.867936000E-06         0.418923819E+01        -0.331195007E-06         0.295035605E-03
       0.416000000E+01   208       0.770695005E+00         0.867558606E+00         0.757217553E+00         0.455961899E-02         0.537326694E+00        -0.866087843E-06         0.418639395E+01        -0.328522524E-06         0.296139604E-03
       0.418000000E+01   209       0.770163534E+00         0.867092601E+00         0.756432550E+00         0.458297207E-02         0.536962637E+00        -0.864247184E-06         0.418355753E+01        -0.325878723E-06         0.297239723E-03
       0.420000000E+01   210       0.769636606E+00         0.866628524E+00         0.755651159E+00         0.460616003E-02         0.536599580E+00        -0.862413913E-06         0.418072889E+01        -0.323263039E-06         0.298335806E-03
       0.422000000E+01   211       0.769114177E+00         0.866166371E+00         0.754873365E+00         0.462918288E-02         0.536237518E+00        -0.860587929E-06         0.417790800E+01        -0.320674923E-06         0.299427698E-03
       0.424000000E+01   212       0.768596202E+00         0.865706134E+00         0.754099152E+00         0.465204066E-02         0.535876447E+00        -0.858769128E-06         0.417509484E+01        -0.318113842E-06         0.300515239E-03
       0.426000000E+01   213       0.768082636E+00         0.865247808E+00         0.753328503E+00         0.467473345E-02         0.535516363E+00        -0.856957410E-06         0.417228936E+01        -0.315579278E-06         0.301598274E-03
       0.428000000E+01   214       0.767573434E+00         0.864791386E+00         0.752561402E+00         0.469726134E-02         0.535157262E+00        -0.855152671E-06         0.416949155E+01        -0.313070729E-06         0.302676643E-03
       0.430000000E+01   215       0.767068552E+00         0.864336861E+00         0.751797834E+00         0.471962448E-02         0.534799140E+00        -0.853354816E-06         0.416670137E+01        -0.310587707E-06         0.303750188E-03
       0.432000000E+01   216       0.766567947E+00         0.863884227E+00         0.751037781E+00         0.474182301E-02         0.534441994E+00        -0.851563745E-06         0.416391878E+01        -0.308129739E-06         0.304818749E-03
       0.434000000E+01   217       0.766071575E+00         0.863433478E+00         0.750281227E+00         0.476385712E-02         0.534085819E+00        -0.849779364E-06         0.416114377E+01        -0.305696368E-06         0.305882168E-03
       0.436000000E+01   218       0.765579394E+00         0.862984606E+00         0.749528157E+00         0.478572703E-02         0.533730612E+00        -0.848001575E-06         0.415837629E+01        -0.303287148E-06         0.306940286E-03
       0.438000000E+01   219       0.765091360E+00         0.862537605E+00         0.748778552E+00         0.480743298E-02         0.533376369E+00        -0.846230286E-06         0.415561633E+01        -0.300901648E-06         0.307992946E-03
       0.440000000E+01   220       0.764607432E+00         0.862092467E+00         0.748032398E+00         0.482897522E-02         0.533023087E+00        -0.844465404E-06         0.415286385E+01        -0.298539451E-06         0.309039989E-03
       0.442000000E+01   221       0.764127568E+00         0.861649187E+00         0.747289676E+00         0.485035404E-02         0.532670762E+00        -0.842706833E-06         0.415011883E+01        -0.296200151E-06         0.310081259E-03
       0.444000000E+01   222       0.763651727E+00         0.861207757E+00         0.746550371E+00         0.487156976E-02         0.532319391E+00        -0.840954486E-06         0.414738124E+01        -0.293883358E-06         0.311116601E-03
       0.446000000E+01   223       0.763179868E+00         0.860768170E+00         0.745814466E+00         0.489262270E-02         0.531968970E+00        -0.839208266E-06         0.414465105E+01        -0.291588692E-06         0.312145861E-03
       0.448000000E+01   224       0.762711951E+00         0.860330419E+00         0.745081944E+00         0.491351322E-02         0.531619495E+00        -0.837468089E-06         0.414192824E+01        -0.289315785E-06         0.313168885E-03
       0.450000000E+01   225       0.762247936E+00         0.859894497E+00         0.744352788E+00         0.493424168E-02         0.531270963E+00        -0.835733861E-06         0.413921277E+01        -0.287064283E-06         0.314185523E-03
       0.452000000E+01   226       0.761787784E+00         0.859460397E+00         0.743626982E+00         0.495480848E-02         0.530923372E+00        -0.834005496E-06         0.413650463E+01        -0.284833840E-06         0.315195625E-03
       0.454000000E+01   227       0.761331456E+00         0.859028111E+00         0.742904509E+00         0.497521403E-02         0.530576717E+00        -0.832282906E-06         0.413380379E+01        -0.282624125E-06         0.316199043E-03
       0.456000000E+01   228       0.760878914E+00         0.858597632E+00         0.742185352E+00         0.499545877E-02         0.530230995E+00        -0.830566002E-06         0.413111021E+01        -0.280434816E-06         0.317195633E-03
       0.458000000E+01   229       0.760430119E+00         0.858168953E+00         0.741469494E+00         0.501554313E-02         0.529886204E+00        -0.828854699E-06         0.412842389E+01        -0.278265602E-06         0.318185252E-03
       0.460000000E+01   230       0.759985036E+00         0.857742066E+00         0.740756920E+00         0.503546759E-02         0.529542339E+00        -0.827148911E-06         0.412574478E+01        -0.276116182E-06         0.319167760E-03
       0.462000000E+01   231       0.759543627E+00         0.857316965E+00         0.740047610E+00         0.505523262E-02         0.529199399E+00        -0.825448556E-06         0.412307288E+01        -0.273986264E-06         0.320143017E-03
       0.464000000E+01   232       0.759105856E+00         0.856893641E+00         0.739341551E+00         0.507483871E-02         0.528857379E+00        -0.823753548E-06         0.412040815E+01        -0.271875570E-06         0.321110891E-03
       0.466000000E+01   233       0.758671688E+00         0.856472087E+00         0.738638723E+00         0.509428639E-02         0.528516277E+00        -0.822063807E-06         0.411775057E+01        -0.269783826E-06         0.322071248E-03
       0.468000000E+01   234       0.758241088E+00         0.856052297E+00         0.737939111E+00         0.511357616E-02         0.528176090E+00        -0.820379249E-06         0.411510012E+01        -0.267710770E-06         0.323023960E-03
       0.470000000E+01   235       0.757814020E+00         0.855634262E+00         0.737242698E+00         0.513270856E-02         0.527836815E+00        -0.818699798E-06         0.411245677E+01        -0.265656150E-06         0.323968900E-03
       0.472000000E+01   236       0.757390453E+00         0.855217974E+00         0.736549468E+00         0.515168416E-02         0.527498449E+00        -0.817025372E-06         0.410982051E+01        -0.263619721E-06         0.324905947E-03
       0.474000000E+01   237       0.756970351E+00         0.854803427E+00         0.735859403E+00         0.517050349E-02         0.527160989E+00        -0.815355894E-06         0.410719130E+01        -0.261601246E-06         0.325834981E-03
       0.476000000E+01   238       0.756553683E+00         0.854390613E+00         0.735172487E+00         0.518916715E-02         0.526824433E+00        -0.813691288E-06         0.410456914E+01        -0.259600498E-06         0.326755887E-03
       0.478000000E+01   239       0.756140417E+00         0.853979525E+00         0.734488704E+00         0.520767570E-02         0.526488777E+00        -0.812031481E-06         0.410195399E+01        -0.257617255E-06         0.327668553E-03
       0.480000000E+01   240       0.755730520E+00         0.853570154E+00         0.733808037E+00         0.522602975E-02         0.526154018E+00        -0.810376394E-06         0.409934583E+01        -0.255651307E-06         0.328572870E-03
       0.482000000E+01   241       0.755323962E+00         0.853162493E+00         0.733130470E+00         0.524422989E-02         0.525820155E+00        -0.808725956E-06         0.409674465E+01        -0.253702446E-06         0.329468735E-03
       0.484000000E+01   242       0.754920712E+00         0.852756535E+00         0.732455985E+00         0.526227673E-02         0.525487184E+00        -0.807080098E-06         0.409415041E+01        -0.251770476E-06         0.330356046E-03
       0.486000000E+01   243       0.754520741E+00         0.852352273E+00         0.731784568E+00         0.528017089E-02         0.525155102E+00        -0.805438749E-06         0.409156312E+01        -0.249855206E-06         0.331234708E-03
       0.488000000E+01   244       0.754124020E+00         0.851949698E+00         0.731116201E+00         0.529791300E-02         0.524823908E+00        -0.803801838E-06         0.408898273E+01        -0.247956450E-06         0.332104628E-03
       0.490000000E+01   245       0.753730519E+00         0.851548804E+00         0.730450868E+00         0.531550369E-02         0.524493598E+00        -0.802169300E-06         0.408640923E+01        -0.246074031E-06         0.332965717E-03
       0.492000000E+01   246       0.753340211E+00         0.851149582E+00         0.729788554E+00         0.533294360E-02         0.524164171E+00        -0.800541066E-06         0.408384261E+01        -0.244207778E-06         0.333817892E-03
       0.494000000E+01   247       0.752953067E+00         0.850752025E+00         0.729129241E+00         0.535023337E-02         0.523835622E+00        -0.798917072E-06         0.408128283E+01        -0.242357523E-06         0.334661071E-03
       0.496000000E+01   248       0.752569063E+00         0.850356126E+00         0.728472914E+00         0.536737365E-02         0.523507951E+00        -0.797297256E-06         0.407872989E+01        -0.240523108E-06         0.335495180E-03
       0.498000000E+01   249       0.752188170E+00         0.849961877E+00         0.727819557E+00         0.538436510E-02         0.523181154E+00        -0.795681551E-06         0.407618377E+01        -0.238704377E-06         0.336320146E-03
       0.500000000E+01   250       0.751810363E+00         0.849569271E+00         0.727169154E+00         0.540120838E-02         0.522855229E+00        -0.794069902E-06         0.407364443E+01        -0.236901181E-06         0.337135902E-03
       0.502000000E+01   251       0.751435616E+00         0.849178300E+00         0.726521690E+00         0.541790415E-02         0.522530174E+00        -0.792462247E-06         0.407111188E+01        -0.235113376E-06         0.337942385E-03
       0.504000000E+01   252       0.751063907E+00         0.848788957E+00         0.725877147E+00         0.543445308E-02         0.522205986E+00        -0.790858530E-06         0.406858608E+01        -0.233340822E-06         0.338739536E-03
       0.506000000E+01   253       0.750695209E+00         0.848401235E+00         0.725235511E+00         0.545085583E-02         0.521882663E+00        -0.789258692E-06         0.406606702E+01        -0.231583385E-06         0.339527299E-03
       0.508000000E+01   254       0.750329499E+00         0.848015126E+00         0.724596767E+00         0.546711309E-02         0.521560203E+00        -0.787662682E-06         0.406355468E+01        -0.229840934E-06         0.340305624E-03
       0.510000000E+01   255       0.749966756E+00         0.847630622E+00         0.723960898E+00         0.548322552E-02         0.521238603E+00        -0.786070445E-06         0.406104904E+01        -0.228113342E-06         0.341074466E-03
       0.512000000E+01   256       0.749606955E+00         0.847247717E+00         0.723327889E+00         0.549919380E-02         0.520917861E+00        -0.784481931E-06         0.405855009E+01        -0.226400489E-06         0.341833780E-03
       0.514000000E+01   257       0.749250076E+00         0.846866404E+00         0.722697724E+00         0.551501861E-02         0.520597975E+00        -0.782897091E-06         0.405605780E+01        -0.224702255E-06         0.342583530E-03
       0.516000000E+01   258       0.748896097E+00         0.846486674E+00         0.722070390E+00         0.553070063E-02         0.520278942E+00        -0.781315877E-06         0.405357217E+01        -0.223018525E-06         0.343323682E-03
       0.518000000E+01   259       0.748544997E+00         0.846108521E+00         0.721445869E+00         0.554624053E-02         0.519960761E+00        -0.779738242E-06         0.405109317E+01        -0.221349189E-06         0.344054204E-03
       0.520000000E+01   260       0.748196755E+00         0.845731937E+00         0.720824148E+00         0.556163900E-02         0.519643430E+00        -0.778164146E-06         0.404862079E+01        -0.219694138E-06         0.344775072E-03
       0.522000000E+01   261       0.747851353E+00         0.845356916E+00         0.720205211E+00         0.557689671E-02         0.519326945E+00        -0.776593545E-06         0.404615501E+01        -0.218053267E-06         0.345486262E-03
       0.524000000E+01   262       0.747508770E+00         0.844983449E+00         0.719589044E+00         0.559201434E-02         0.519011305E+00        -0.775026398E-06         0.404369581E+01        -0.216426475E-06         0.346187758E-03
       0.526000000E+01   263       0.747168989E+00         0.844611531E+00         0.718975631E+00         0.560699257E-02         0.518696508E+00        -0.773462667E-06         0.404124318E+01        -0.214813662E-06         0.346879544E-03
       0.528000000E+01   264       0.746831990E+00         0.844241154E+00         0.718364958E+00         0.562183208E-02         0.518382552E+00        -0.771902316E-06         0.403879709E+01        -0.213214731E-06         0.347561611E-03
       0.530000000E+01   265       0.746497756E+00         0.843872311E+00         0.717757011E+00         0.563653355E-02         0.518069435E+00        -0.770345309E-06         0.403635755E+01        -0.211629588E-06         0.348233951E-03
       0.532000000E+01   266       0.746166269E+00         0.843504995E+00         0.717151775E+00         0.565109764E-02         0.517757154E+00        -0.768791616E-06         0.403392452E+01        -0.210058142E-06         0.348896562E-03
       0.534000000E+01   267       0.745837513E+00         0.843139199E+00         0.716549235E+00         0.566552503E-02         0.517445708E+00        -0.767241205E-06         0.403149799E+01        -0.208500302E-06         0.349549443E-03
       0.536000000E+01   268       0.745511472E+00         0.842774917E+00         0.715949377E+00         0.567981639E-02         0.517135094E+00        -0.765694046E-06         0.402907795E+01        -0.206955981E-06         0.350192600E-03
       0.538000000E+01   269       0.745188129E+00         0.842412141E+00         0.715352187E+00         0.569397238E-02         0.516825311E+00        -0.764150113E-06         0.402666438E+01        -0.205425093E-06         0.350826040E-03
       0.540000000E+01   270       0.744867469E+00         0.842050864E+00         0.714757651E+00         0.570799368E-02         0.516516356E+00        -0.762609379E-06         0.402425726E+01        -0.203907554E-06         0.351449773E-03
       0.542000000E+01   271       0.744549477E+00         0.841691080E+00         0.714165756E+00         0.572188094E-02         0.516208228E+00        -0.761071823E-06         0.402185659E+01        -0.202403281E-06         0.352063815E-03
       0.544000000E+01   272       0.744234138E+00         0.841332783E+00         0.713576486E+00         0.573563482E-02         0.515900925E+00        -0.759537420E-06         0.401946234E+01        -0.200912193E-06         0.352668183E-03
       0.546000000E+01   273       0.743921437E+00         0.840975965E+00         0.712989829E+00         0.574925598E-02         0.515594444E+00        -0.758006154E-06         0.401707449E+01        -0.199434211E-06         0.353262898E-03
       0.548000000E+01   274       0.743611362E+00         0.840620619E+00         0.712405771E+00         0.576274508E-02         0.515288783E+00        -0.756478004E-06         0.401469304E+01        -0.197969257E-06         0.353847984E-03
       0.550000000E+01   275       0.743303899E+00         0.840266740E+00         0.711824298E+00         0.577610275E-02         0.514983942E+00        -0.754952951E-06         0.401231797E+01        -0.196517253E-06         0.354423469E-03
       0.552000000E+01   276       0.742999034E+00         0.839914321E+00         0.711245397E+00         0.578932965E-02         0.514679917E+00        -0.753430983E-06         0.400994927E+01        -0.195078123E-06         0.354989381E-03
       0.554000000E+01   277       0.742696756E+00         0.839563355E+00         0.710669054E+00         0.580242642E-02         0.514376707E+00        -0.751912085E-06         0.400758691E+01        -0.193651793E-06         0.355545755E-03
       0.556000000E+01   278       0.742397050E+00         0.839213836E+00         0.710095257E+00         0.581539370E-02         0.514074309E+00        -0.750396247E-06         0.400523089E+01        -0.192238187E-06         0.356092627E-03
       0.558000000E+01   279       0.742099907E+00         0.838865758E+00         0.709523991E+00         0.582823212E-02         0.513772723E+00        -0.748883456E-06         0.400288118E+01        -0.190837233E-06         0.356630034E-03
       0.560000000E+01   280       0.741805313E+00         0.838519113E+00         0.708955245E+00         0.584094230E-02         0.513471946E+00        -0.747373705E-06         0.400053778E+01        -0.189448859E-06         0.357158018E-03
       0.562000000E+01   281       0.741513258E+00         0.838173897E+00         0.708389006E+00         0.585352489E-02         0.513171976E+00        -0.745866986E-06         0.399820067E+01        -0.188072991E-06         0.357676624E-03
       0.564000000E+01   282       0.741223731E+00         0.837830102E+00         0.707825260E+00         0.586598049E-02         0.512872812E+00        -0.744363294E-06         0.399586983E+01        -0.186709559E-06         0.358185897E-03
       0.566000000E+01   283       0.740936720E+00         0.837487722E+00         0.707263995E+00         0.587830972E-02         0.512574451E+00        -0.742862621E-06         0.399354525E+01        -0.185358491E-06         0.358685888E-03
       0.568000000E+01   284       0.740652217E+00         0.837146752E+00         0.706705198E+00         0.589051319E-02         0.512276891E+00        -0.741364966E-06         0.399122691E+01        -0.184019717E-06         0.359176646E-03
       0.570000000E+01   285       0.740370210E+00         0.836807185E+00         0.706148857E+00         0.590259152E-02         0.511980131E+00        -0.739870329E-06         0.398891481E+01        -0.182693166E-06         0.359658226E-03
       0.572000000E+01   286       0.740090689E+00         0.836469016E+00         0.705594960E+00         0.591454531E-02         0.511684169E+00        -0.738378707E-06         0.398660892E+01        -0.181378769E-06         0.360130683E-03
       0.574000000E+01   287       0.739813646E+00         0.836132237E+00         0.705043494E+00         0.592637515E-02         0.511389003E+00        -0.736890102E-06         0.398430923E+01        -0.180076454E-06         0.360594077E-03
       0.576000000E+01   288       0.739539071E+00         0.835796845E+00         0.704494447E+00         0.593808163E-02         0.511094631E+00        -0.735404515E-06         0.398201573E+01        -0.178786153E-06         0.361048466E-03
       0.578000000E+01   289       0.739266954E+00         0.835462831E+00         0.703947807E+00         0.594966536E-02         0.510801051E+00        -0.733921950E-06         0.397972841E+01        -0.177507795E-06         0.361493914E-03
       0.580000000E+01   290       0.738997288E+00         0.835130191E+00         0.703403563E+00         0.596112690E-02         0.510508261E+00        -0.732442410E-06         0.397744723E+01        -0.176241312E-06         0.361930484E-03
       0.582000000E+01   291       0.738730062E+00         0.834798919E+00         0.702861703E+00         0.597246684E-02         0.510216260E+00        -0.730965903E-06         0.397517221E+01        -0.174986632E-06         0.362358243E-03
       0.584000000E+01   292       0.738465270E+00         0.834469010E+00         0.702322214E+00         0.598368576E-02         0.509925045E+00        -0.729492433E-06         0.397290331E+01        -0.173743686E-06         0.362777259E-03
       0.586000000E+01   293       0.738202903E+00         0.834140456E+00         0.701785085E+00         0.599478422E-02         0.509634615E+00        -0.728022008E-06         0.397064052E+01        -0.172512404E-06         0.363187601E-03
       0.588000000E+01   294       0.737942952E+00         0.833813254E+00         0.701250305E+00         0.600576279E-02         0.509344968E+00        -0.726554638E-06         0.396838383E+01        -0.171292716E-06         0.363589341E-03
       0.590000000E+01   295       0.737685411E+00         0.833487397E+00         0.700717863E+00         0.601662203E-02         0.509056101E+00        -0.725090331E-06         0.396613323E+01        -0.170084552E-06         0.363982552E-03
       0.592000000E+01   296       0.737430271E+00         0.833162880E+00         0.700187746E+00         0.602736249E-02         0.508768014E+00        -0.723629097E-06         0.396388869E+01        -0.168887840E-06         0.364367310E-03
       0.594000000E+01   297       0.737177524E+00         0.832839696E+00         0.699659945E+00         0.603798473E-02         0.508480704E+00        -0.722170950E-06         0.396165021E+01        -0.167702509E-06         0.364743689E-03
       0.596000000E+01   298       0.736927164E+00         0.832517842E+00         0.699134447E+00         0.604848929E-02         0.508194169E+00        -0.720715899E-06         0.395941778E+01        -0.166528489E-06         0.365111769E-03
       0.598000000E+01   299       0.736679184E+00         0.832197312E+00         0.698611242E+00         0.605887672E-02         0.507908408E+00        -0.719263959E-06         0.395719136E+01        -0.165365708E-06         0.365471628E-03
       0.600000000E+01   300       0.736433575E+00         0.831878099E+00         0.698090320E+00         0.606914754E-02         0.507623418E+00        -0.717815140E-06         0.395497096E+01        -0.164214093E-06         0.365823347E-03
       0.602000000E+01   301       0.736190332E+00         0.831560200E+00         0.697571668E+00         0.607930230E-02         0.507339197E+00        -0.716369459E-06         0.395275656E+01        -0.163073573E-06         0.366167007E-03
       0.604000000E+01   302       0.735949446E+00         0.831243608E+00         0.697055277E+00         0.608934152E-02         0.507055745E+00        -0.714926933E-06         0.395054813E+01        -0.161944074E-06         0.366502692E-03
       0.606000000E+01   303       0.735710912E+00         0.830928318E+00         0.696541136E+00         0.609926572E-02         0.506773058E+00        -0.713487572E-06         0.394834568E+01        -0.160825524E-06         0.366830486E-03
       0.608000000E+01   304       0.735474723E+00         0.830614326E+00         0.696029234E+00         0.610907543E-02         0.506491135E+00        -0.712051396E-06         0.394614917E+01        -0.159717848E-06         0.367150474E-03
       0.610000000E+01   305       0.735240872E+00         0.830301626E+00         0.695519562E+00         0.611877116E-02         0.506209974E+00        -0.710618419E-06         0.394395860E+01        -0.158620972E-06         0.367462743E-03
       0.612000000E+01   306       0.735009352E+00         0.829990214E+00         0.695012108E+00         0.612835342E-02         0.505929574E+00        -0.709188660E-06         0.394177395E+01        -0.157534821E-06         0.367767380E-03
       0.614000000E+01   307       0.734780156E+00         0.829680083E+00         0.694506863E+00         0.613782272E-02         0.505649931E+00        -0.707762133E-06         0.393959521E+01        -0.156459321E-06         0.368064473E-03
       0.616000000E+01   308       0.734553279E+00         0.829371230E+00         0.694003817E+00         0.614717955E-02         0.505371045E+00        -0.706338860E-06         0.393742237E+01        -0.155394395E-06         0.368354112E-03
       0.618000000E+01   309       0.734328714E+00         0.829063649E+00         0.693502959E+00         0.615642443E-02         0.505092913E+00        -0.704918856E-06         0.393525540E+01        -0.154339968E-06         0.368636387E-03
       0.620000000E+01   310       0.734106454E+00         0.828757336E+00         0.693004279E+00         0.616555784E-02         0.504815533E+00        -0.703502140E-06         0.393309429E+01        -0.153295963E-06         0.368911389E-03
       0.622000000E+01   311       0.733886493E+00         0.828452285E+00         0.692507768E+00         0.617458028E-02         0.504538904E+00        -0.702088729E-06         0.393093902E+01        -0.152262302E-06         0.369179208E-03
       0.624000000E+01   312       0.733668823E+00         0.828148491E+00         0.692013416E+00         0.618349224E-02         0.504263023E+00        -0.700678643E-06         0.392878959E+01        -0.151238908E-06         0.369439937E-03
       0.626000000E+01   313       0.733453440E+00         0.827845951E+00         0.691521213E+00         0.619229419E-02         0.503987889E+00        -0.699271903E-06         0.392664598E+01        -0.150225702E-06         0.369693670E-03
       0.628000000E+01   314       0.733240336E+00         0.827544660E+00         0.691031150E+00         0.620098662E-02         0.503713499E+00        -0.697868524E-06         0.392450816E+01        -0.149222605E-06         0.369940498E-03
       0.630000000E+01   315       0.733029505E+00         0.827244611E+00         0.690543217E+00         0.620957002E-02         0.503439852E+00        -0.696468528E-06         0.392237613E+01        -0.148229539E-06         0.370180516E-03
       0.632000000E+01   316       0.732820940E+00         0.826945802E+00         0.690057405E+00         0.621804484E-02         0.503166945E+00        -0.695071932E-06         0.392024987E+01        -0.147246423E-06         0.370413818E-03
       0.634000000E+01   317       0.732614634E+00         0.826648228E+00         0.689573704E+00         0.622641158E-02         0.502894777E+00        -0.693678758E-06         0.391812937E+01        -0.146273177E-06         0.370640498E-03
       0.636000000E+01   318       0.732410581E+00         0.826351883E+00         0.689092105E+00         0.623467068E-02         0.502623345E+00        -0.692289022E-06         0.391601460E+01        -0.145309720E-06         0.370860650E-03
       0.638000000E+01   319       0.732208774E+00         0.826056763E+00         0.688612599E+00         0.624282263E-02         0.502352648E+00        -0.690902744E-06         0.391390556E+01        -0.144355971E-06         0.371074371E-03
       0.640000000E+01   320       0.732009207E+00         0.825762865E+00         0.688135177E+00         0.625086788E-02         0.502082684E+00        -0.689519944E-06         0.391180222E+01        -0.143411847E-06         0.371281754E-03
       0.642000000E+01   321       0.731811872E+00         0.825470183E+00         0.687659829E+00         0.625880689E-02         0.501813450E+00        -0.688140640E-06         0.390970458E+01        -0.142477266E-06         0.371482894E-03
       0.644000000E+01   322       0.731616762E+00         0.825178712E+00         0.687186547E+00         0.626664013E-02         0.501544945E+00        -0.686764852E-06         0.390761261E+01        -0.141552146E-06         0.371677888E-03
       0.646000000E+01   323       0.731423871E+00         0.824888450E+00         0.686715323E+00         0.627436804E-02         0.501277166E+00        -0.685392597E-06         0.390552631E+01        -0.140636403E-06         0.371866830E-03
       0.648000000E+01   324       0.731233191E+00         0.824599390E+00         0.686246146E+00         0.628199109E-02         0.501010111E+00        -0.684023894E-06         0.390344564E+01        -0.139729954E-06         0.372049815E-03
       0.650000000E+01   325       0.731044716E+00         0.824311530E+00         0.685779008E+00         0.628950972E-02         0.500743779E+00        -0.682658764E-06         0.390137061E+01        -0.138832713E-06         0.372226938E-03
       0.652000000E+01   326       0.730858437E+00         0.824024864E+00         0.685313901E+00         0.629692439E-02         0.500478168E+00        -0.681297220E-06         0.389930119E+01        -0.137944597E-06         0.372398294E-03
       0.654000000E+01   327       0.730674347E+00         0.823739388E+00         0.684850815E+00         0.630423554E-02         0.500213275E+00        -0.679939283E-06         0.389723736E+01        -0.137065521E-06         0.372563976E-03
       0.656000000E+01   328       0.730492439E+00         0.823455099E+00         0.684389743E+00         0.631144361E-02         0.499949097E+00        -0.678584971E-06         0.389517912E+01        -0.136195398E-06         0.372724080E-03
       0.658000000E+01   329       0.730312706E+00         0.823171991E+00         0.683930676E+00         0.631854906E-02         0.499685635E+00        -0.677234300E-06         0.389312643E+01        -0.135334144E-06         0.372878698E-03
       0.660000000E+01   330       0.730135139E+00         0.822890061E+00         0.683473605E+00         0.632555232E-02         0.499422884E+00        -0.675887288E-06         0.389107930E+01        -0.134481672E-06         0.373027925E-03
       0.662000000E+01   331       0.729959730E+00         0.822609305E+00         0.683018523E+00         0.633245384E-02         0.499160843E+00        -0.674543950E-06         0.388903770E+01        -0.133637896E-06         0.373171852E-03
       0.664000000E+01   332       0.729786471E+00         0.822329718E+00         0.682565419E+00         0.633925406E-02         0.498899510E+00        -0.673204305E-06         0.388700161E+01        -0.132802729E-06         0.373310573E-03
       0.666000000E+01   333       0.729615355E+00         0.822051297E+00         0.682114288E+00         0.634595342E-02         0.498638883E+00        -0.671868367E-06         0.388497103E+01        -0.131976083E-06         0.373444178E-03
       0.668000000E+01   334       0.729446373E+00         0.821774036E+00         0.681665119E+00         0.635255235E-02         0.498378959E+00        -0.670536151E-06         0.388294592E+01        -0.131157872E-06         0.373572759E-03
       0.670000000E+01   335       0.729279516E+00         0.821497933E+00         0.681217906E+00         0.635905129E-02         0.498119738E+00        -0.669207675E-06         0.388092628E+01        -0.130348009E-06         0.373696405E-03
       0.672000000E+01   336       0.729114776E+00         0.821222983E+00         0.680772639E+00         0.636545068E-02         0.497861215E+00        -0.667882951E-06         0.387891209E+01        -0.129546405E-06         0.373815207E-03
       0.674000000E+01   337       0.728952145E+00         0.820949183E+00         0.680329312E+00         0.637175096E-02         0.497603390E+00        -0.666561997E-06         0.387690334E+01        -0.128752972E-06         0.373929253E-03
       0.676000000E+01   338       0.728791612E+00         0.820676527E+00         0.679887915E+00         0.637795256E-02         0.497346260E+00        -0.665244823E-06         0.387490000E+01        -0.127967623E-06         0.374038631E-03
       0.678000000E+01   339       0.728633170E+00         0.820405013E+00         0.679448441E+00         0.638405591E-02         0.497089823E+00        -0.663931446E-06         0.387290206E+01        -0.127190269E-06         0.374143428E-03
       0.680000000E+01   340       0.728476809E+00         0.820134636E+00         0.679010882E+00         0.639006145E-02         0.496834078E+00        -0.662621877E-06         0.387090950E+01        -0.126420823E-06         0.374243729E-03
       0.682000000E+01   341       0.728322520E+00         0.819865392E+00         0.678575231E+00         0.639596961E-02         0.496579021E+00        -0.661316129E-06         0.386892231E+01        -0.125659194E-06         0.374339621E-03
       0.684000000E+01   342       0.728170294E+00         0.819597278E+00         0.678141479E+00         0.640178083E-02         0.496324650E+00        -0.660014214E-06         0.386694047E+01        -0.124905297E-06         0.374431186E-03
       0.686000000E+01   343       0.728020120E+00         0.819330289E+00         0.677709618E+00         0.640749553E-02         0.496070964E+00        -0.658716144E-06         0.386496397E+01        -0.124159041E-06         0.374518508E-03
       0.688000000E+01   344       0.727871989E+00         0.819064422E+00         0.677279641E+00         0.641311417E-02         0.495817961E+00        -0.657421931E-06         0.386299278E+01        -0.123420339E-06         0.374601669E-03
       0.690000000E+01   345       0.727725892E+00         0.818799672E+00         0.676851541E+00         0.641863716E-02         0.495565637E+00        -0.656131584E-06         0.386102688E+01        -0.122689102E-06         0.374680749E-03
       0.692000000E+01   346       0.727581817E+00         0.818536037E+00         0.676425309E+00         0.642406493E-02         0.495313992E+00        -0.654845115E-06         0.385906628E+01        -0.121965241E-06         0.374755827E-03
       0.694000000E+01   347       0.727439756E+00         0.818273512E+00         0.676000938E+00         0.642939794E-02         0.495063022E+00        -0.653562533E-06         0.385711093E+01        -0.121248670E-06         0.374826983E-03
       0.696000000E+01   348       0.727299697E+00         0.818012093E+00         0.675578420E+00         0.643463660E-02         0.494812726E+00        -0.652283845E-06         0.385516084E+01        -0.120539299E-06         0.374894292E-03
       0.698000000E+01   349       0.727161631E+00         0.817751776E+00         0.675157749E+00         0.643978136E-02         0.494563102E+00        -0.651009062E-06         0.385321597E+01        -0.119837041E-06         0.374957831E-03
       0.700000000E+01   350       0.727025547E+00         0.817492558E+00         0.674738916E+00         0.644483264E-02         0.494314147E+00        -0.649738193E-06         0.385127632E+01        -0.119141807E-06         0.375017674E-03
       0.702000000E+01   351       0.726891433E+00         0.817234436E+00         0.674321914E+00         0.644979089E-02         0.494065859E+00        -0.648471242E-06         0.384934187E+01        -0.118453512E-06         0.375073895E-03
       0.704000000E+01   352       0.726759280E+00         0.816977404E+00         0.673906735E+00         0.645465654E-02         0.493818235E+00        -0.647208216E-06         0.384741260E+01        -0.117772066E-06         0.375126564E-03
       0.706000000E+01   353       0.726629077E+00         0.816721460E+00         0.673493373E+00         0.645943002E-02         0.493571275E+00        -0.645949124E-06         0.384548849E+01        -0.117097384E-06         0.375175753E-03
       0.708000000E+01   354       0.726500811E+00         0.816466599E+00         0.673081819E+00         0.646411178E-02         0.493324975E+00        -0.644693973E-06         0.384356953E+01        -0.116429378E-06         0.375221530E-03
       0.710000000E+01   355       0.726374473E+00         0.816212818E+00         0.672672067E+00         0.646870224E-02         0.493079333E+00        -0.643442763E-06         0.384165570E+01        -0.115767962E-06         0.375263962E-03
       0.712000000E+01   356       0.726250050E+00         0.815960114E+00         0.672264109E+00         0.647320186E-02         0.492834348E+00        -0.642195502E-06         0.383974698E+01        -0.115113051E-06         0.375303117E-03
       0.714000000E+01   357       0.726127532E+00         0.815708482E+00         0.671857939E+00         0.647761106E-02         0.492590017E+00        -0.640952194E-06         0.383784335E+01        -0.114464557E-06         0.375339059E-03
       0.716000000E+01   358       0.726006907E+00         0.815457919E+00         0.671453548E+00         0.648193030E-02         0.492346337E+00        -0.639712842E-06         0.383594481E+01        -0.113822397E-06         0.375371850E-03
       0.718000000E+01   359       0.725888163E+00         0.815208421E+00         0.671050930E+00         0.648616000E-02         0.492103307E+00        -0.638477450E-06         0.383405132E+01        -0.113186486E-06         0.375401553E-03
       0.720000000E+01   360       0.725771289E+00         0.814959985E+00         0.670650077E+00         0.649030062E-02         0.491860924E+00        -0.637246021E-06         0.383216288E+01        -0.112556738E-06         0.375428227E-03
       0.722000000E+01   361       0.725656273E+00         0.814712606E+00         0.670250983E+00         0.649435258E-02         0.491619186E+00        -0.636018554E-06         0.383027946E+01        -0.111933071E-06         0.375451932E-03
       0.724000000E+01   362       0.725543102E+00         0.814466281E+00         0.669853640E+00         0.649831635E-02         0.491378092E+00        -0.634795052E-06         0.382840106E+01        -0.111315400E-06         0.375472725E-03
       0.726000000E+01   363       0.725431766E+00         0.814221007E+00         0.669458041E+00         0.650219236E-02         0.491137638E+00        -0.633575517E-06         0.382652764E+01        -0.110703644E-06         0.375490661E-03
       0.728000000E+01   364       0.725322251E+00         0.813976780E+00         0.669064179E+00         0.650598105E-02         0.490897822E+00        -0.632359947E-06         0.382465920E+01        -0.110097719E-06         0.375505796E-03
       0.730000000E+01   365       0.725214547E+00         0.813733596E+00         0.668672048E+00         0.650968288E-02         0.490658643E+00        -0.631148345E-06         0.382279572E+01        -0.109497545E-06         0.375518181E-03
       0.732000000E+01   366       0.725108639E+00         0.813491451E+00         0.668281639E+00         0.651329829E-02         0.490420098E+00        -0.629940707E-06         0.382093718E+01        -0.108903039E-06         0.375527867E-03
       0.734000000E+01   367       0.725004518E+00         0.813250342E+00         0.667892947E+00         0.651682773E-02         0.490182185E+00        -0.628737034E-06         0.381908356E+01        -0.108314122E-06         0.375534906E-03
       0.736000000E+01   368       0.724902169E+00         0.813010266E+00         0.667505964E+00         0.652027165E-02         0.489944902E+00        -0.627537323E-06         0.381723485E+01        -0.107730714E-06         0.375539344E-03
       0.738000000E+01   369       0.724801581E+00         0.812771218E+00         0.667120683E+00         0.652363049E-02         0.489708246E+00        -0.626341573E-06         0.381539103E+01        -0.107152735E-06         0.375541230E-03
       0.740000000E+01   370       0.724702741E+00         0.812533195E+00         0.666737097E+00         0.652690472E-02         0.489472216E+00        -0.625149781E-06         0.381355208E+01        -0.106580108E-06         0.375540607E-03
       0.742000000E+01   371       0.724605637E+00         0.812296193E+00         0.666355200E+00         0.653009478E-02         0.489236809E+00        -0.623961941E-06         0.381171799E+01        -0.106012754E-06         0.375537520E-03
       0.744000000E+01   372       0.724510257E+00         0.812060210E+00         0.665974985E+00         0.653320112E-02         0.489002023E+00        -0.622778054E-06         0.380988873E+01        -0.105450597E-06         0.375532011E-03
       0.746000000E+01   373       0.724416587E+00         0.811825240E+00         0.665596445E+00         0.653622420E-02         0.488767856E+00        -0.621598113E-06         0.380806430E+01        -0.104893560E-06         0.375524122E-03
       0.748000000E+01   374       0.724324615E+00         0.811591281E+00         0.665219572E+00         0.653916448E-02         0.488534305E+00        -0.620422114E-06         0.380624467E+01        -0.104341568E-06         0.375513892E-03
       0.750000000E+01   375       0.724234329E+00         0.811358329E+00         0.664844361E+00         0.654202241E-02         0.488301369E+00        -0.619250050E-06         0.380442982E+01        -0.103794546E-06         0.375501358E-03
       0.752000000E+01   376       0.724145716E+00         0.811126381E+00         0.664470804E+00         0.654479844E-02         0.488069044E+00        -0.618081919E-06         0.380261975E+01        -0.103252420E-06         0.375486558E-03
       0.754000000E+01   377       0.724058763E+00         0.810895432E+00         0.664098895E+00         0.654749304E-02         0.487837331E+00        -0.616917712E-06         0.380081443E+01        -0.102715118E-06         0.375469527E-03
       0.756000000E+01   378       0.723973459E+00         0.810665480E+00         0.663728627E+00         0.655010666E-02         0.487606224E+00        -0.615757423E-06         0.379901385E+01        -0.102182567E-06         0.375450299E-03
       0.758000000E+01   379       0.723889789E+00         0.810436520E+00         0.663359993E+00         0.655263976E-02         0.487375724E+00        -0.614601046E-06         0.379721798E+01        -0.101654696E-06         0.375428906E-03
       0.760000000E+01   380       0.723807742E+00         0.810208550E+00         0.662992987E+00         0.655509281E-02         0.487145827E+00        -0.613448572E-06         0.379542682E+01        -0.101131434E-06         0.375405379E-03
       0.762000000E+01   381       0.723727304E+00         0.809981565E+00         0.662627602E+00         0.655746625E-02         0.486916532E+00        -0.612299995E-06         0.379364034E+01        -0.100612711E-06         0.375379749E-03
       0.764000000E+01   382       0.723648464E+00         0.809755562E+00         0.662263831E+00         0.655976056E-02         0.486687836E+00        -0.611155306E-06         0.379185854E+01        -0.100098459E-06         0.375352045E-03
       0.766000000E+01   383       0.723571209E+00         0.809530538E+00         0.661901668E+00         0.656197620E-02         0.486459737E+00        -0.610014496E-06         0.379008138E+01        -0.995886103E-07         0.375322292E-03
       0.768000000E+01   384       0.723495526E+00         0.809306488E+00         0.661541105E+00         0.656411362E-02         0.486232233E+00        -0.608877555E-06         0.378830886E+01        -0.990830972E-07         0.375290519E-03
       0.770000000E+01   385       0.723421402E+00         0.809083410E+00         0.661182138E+00         0.656617330E-02         0.486005322E+00        -0.607744477E-06         0.378654096E+01        -0.985818539E-07         0.375256749E-03
       0.772000000E+01   386       0.723348826E+00         0.808861300E+00         0.660824758E+00         0.656815569E-02         0.485779001E+00        -0.606615248E-06         0.378477766E+01        -0.980848153E-07         0.375221005E-03
       0.774000000E+01   387       0.723277784E+00         0.808640154E+00         0.660468959E+00         0.657006126E-02         0.485553269E+00        -0.605489861E-06         0.378301895E+01        -0.975919173E-07         0.375183312E-03
       0.776000000E+01   388       0.723208265E+00         0.808419968E+00         0.660114736E+00         0.657189048E-02         0.485328124E+00        -0.604368303E-06         0.378126480E+01        -0.971030964E-07         0.375143689E-03
       0.778000000E+01   389       0.723140255E+00         0.808200740E+00         0.659762080E+00         0.657364380E-02         0.485103562E+00        -0.603250565E-06         0.377951521E+01        -0.966182904E-07         0.375102158E-03
       0.780000000E+01   390       0.723073742E+00         0.807982466E+00         0.659410987E+00         0.657532170E-02         0.484879583E+00        -0.602136633E-06         0.377777016E+01        -0.961374378E-07         0.375058736E-03
       0.782000000E+01   391       0.723008715E+00         0.807765142E+00         0.659061449E+00         0.657692464E-02         0.484656184E+00        -0.601026499E-06         0.377602962E+01        -0.956604782E-07         0.375013443E-03
