#Time Vel_max Height on the z-axis 
       0.200000000E-01         0.102845153E+01
       0.400000000E-01         0.100093465E+01
       0.600000000E-01         0.100000000E+01
       0.800000000E-01         0.100000000E+01
       0.100000000E+00         0.100000000E+01
       0.120000000E+00         0.100000000E+01
       0.140000000E+00         0.100000000E+01
       0.160000000E+00         0.100000000E+01
       0.180000000E+00         0.100000000E+01
       0.200000000E+00         0.100000000E+01
       0.220000000E+00         0.100000000E+01
       0.240000000E+00         0.100000000E+01
       0.260000000E+00         0.100000000E+01
       0.280000000E+00         0.100000000E+01
       0.300000000E+00         0.100000000E+01
       0.320000000E+00         0.100000000E+01
       0.340000000E+00         0.100000000E+01
       0.360000000E+00         0.100000000E+01
       0.380000000E+00         0.100000000E+01
       0.400000000E+00         0.100000000E+01
       0.420000000E+00         0.100000000E+01
       0.440000000E+00         0.100000000E+01
       0.460000000E+00         0.100000000E+01
       0.480000000E+00         0.100000000E+01
       0.500000000E+00         0.100000000E+01
       0.520000000E+00         0.100000000E+01
       0.540000000E+00         0.100000000E+01
       0.560000000E+00         0.100000000E+01
       0.580000000E+00         0.100000000E+01
       0.600000000E+00         0.100000000E+01
       0.620000000E+00         0.100000000E+01
       0.640000000E+00         0.100000000E+01
       0.660000000E+00         0.100000000E+01
       0.680000000E+00         0.100000000E+01
       0.700000000E+00         0.100000000E+01
       0.720000000E+00         0.100000000E+01
       0.740000000E+00         0.100000000E+01
       0.760000000E+00         0.100000000E+01
       0.780000000E+00         0.100000000E+01
       0.800000000E+00         0.100000000E+01
       0.820000000E+00         0.100000000E+01
       0.840000000E+00         0.100000000E+01
       0.860000000E+00         0.100000000E+01
       0.880000000E+00         0.100000000E+01
       0.900000000E+00         0.100000000E+01
       0.920000000E+00         0.100000000E+01
       0.940000000E+00         0.100000000E+01
       0.960000000E+00         0.100000000E+01
       0.980000000E+00         0.100000000E+01
       0.100000000E+01         0.100000000E+01
       0.102000000E+01         0.100000000E+01
       0.104000000E+01         0.100000000E+01
       0.106000000E+01         0.100000000E+01
       0.108000000E+01         0.100000000E+01
       0.110000000E+01         0.100000000E+01
       0.112000000E+01         0.100000000E+01
       0.114000000E+01         0.100000000E+01
       0.116000000E+01         0.100000000E+01
       0.118000000E+01         0.100000000E+01
       0.120000000E+01         0.100000000E+01
       0.122000000E+01         0.100000000E+01
       0.124000000E+01         0.100000000E+01
       0.126000000E+01         0.100000000E+01
       0.128000000E+01         0.100000000E+01
       0.130000000E+01         0.100000000E+01
       0.132000000E+01         0.100000000E+01
       0.134000000E+01         0.100000000E+01
       0.136000000E+01         0.100000000E+01
       0.138000000E+01         0.100000000E+01
       0.140000000E+01         0.100000000E+01
       0.142000000E+01         0.100000000E+01
       0.144000000E+01         0.100000000E+01
       0.146000000E+01         0.100000000E+01
       0.148000000E+01         0.100000000E+01
       0.150000000E+01         0.100000000E+01
       0.152000000E+01         0.100000000E+01
       0.154000000E+01         0.100000000E+01
       0.156000000E+01         0.100000000E+01
       0.158000000E+01         0.100000000E+01
       0.160000000E+01         0.100000000E+01
       0.162000000E+01         0.100000000E+01
       0.164000000E+01         0.100000000E+01
       0.166000000E+01         0.100000000E+01
       0.168000000E+01         0.100000000E+01
       0.170000000E+01         0.100000000E+01
       0.172000000E+01         0.100000000E+01
       0.174000000E+01         0.100000000E+01
       0.176000000E+01         0.100000000E+01
       0.178000000E+01         0.100000000E+01
       0.180000000E+01         0.100000000E+01
       0.182000000E+01         0.100000000E+01
       0.184000000E+01         0.100000000E+01
       0.186000000E+01         0.100000000E+01
       0.188000000E+01         0.100000000E+01
       0.190000000E+01         0.100000000E+01
       0.192000000E+01         0.100000000E+01
       0.194000000E+01         0.100000000E+01
       0.196000000E+01         0.100000000E+01
       0.198000000E+01         0.100000000E+01
       0.200000000E+01         0.100000000E+01
       0.202000000E+01         0.100000000E+01
       0.204000000E+01         0.100000000E+01
       0.206000000E+01         0.100000000E+01
       0.208000000E+01         0.100000000E+01
       0.210000000E+01         0.100000000E+01
       0.212000000E+01         0.100000000E+01
       0.214000000E+01         0.100000000E+01
       0.216000000E+01         0.100000000E+01
       0.218000000E+01         0.100000000E+01
       0.220000000E+01         0.100000000E+01
       0.222000000E+01         0.100000000E+01
       0.224000000E+01         0.100000000E+01
       0.226000000E+01         0.100000000E+01
       0.228000000E+01         0.100000000E+01
       0.230000000E+01         0.100000000E+01
       0.232000000E+01         0.100000000E+01
       0.234000000E+01         0.100000000E+01
       0.236000000E+01         0.100000000E+01
       0.238000000E+01         0.100000000E+01
       0.240000000E+01         0.100000000E+01
       0.242000000E+01         0.100000000E+01
       0.244000000E+01         0.100000000E+01
       0.246000000E+01         0.100000000E+01
       0.248000000E+01         0.100000000E+01
       0.250000000E+01         0.100000000E+01
       0.252000000E+01         0.100000000E+01
       0.254000000E+01         0.100000000E+01
       0.256000000E+01         0.100000000E+01
       0.258000000E+01         0.100000000E+01
       0.260000000E+01         0.100000000E+01
       0.262000000E+01         0.100000000E+01
       0.264000000E+01         0.100000000E+01
       0.266000000E+01         0.100000000E+01
       0.268000000E+01         0.100000000E+01
       0.270000000E+01         0.100000000E+01
       0.272000000E+01         0.100000000E+01
       0.274000000E+01         0.100000000E+01
       0.276000000E+01         0.100000000E+01
       0.278000000E+01         0.100000000E+01
       0.280000000E+01         0.100000000E+01
       0.282000000E+01         0.100000000E+01
       0.284000000E+01         0.100000000E+01
       0.286000000E+01         0.100000000E+01
       0.288000000E+01         0.100000000E+01
       0.290000000E+01         0.100000000E+01
       0.292000000E+01         0.100000000E+01
       0.294000000E+01         0.100000000E+01
       0.296000000E+01         0.100000000E+01
       0.298000000E+01         0.100000000E+01
       0.300000000E+01         0.100000000E+01
       0.302000000E+01         0.100000000E+01
       0.304000000E+01         0.100000000E+01
       0.306000000E+01         0.100000000E+01
       0.308000000E+01         0.100000000E+01
       0.310000000E+01         0.100000000E+01
       0.312000000E+01         0.100000000E+01
       0.314000000E+01         0.100000000E+01
       0.316000000E+01         0.100000000E+01
       0.318000000E+01         0.100000000E+01
       0.320000000E+01         0.100000000E+01
       0.322000000E+01         0.100000000E+01
       0.324000000E+01         0.100000000E+01
       0.326000000E+01         0.100000000E+01
       0.328000000E+01         0.100000000E+01
       0.330000000E+01         0.100000000E+01
       0.332000000E+01         0.100000000E+01
       0.334000000E+01         0.100000000E+01
       0.336000000E+01         0.100000000E+01
       0.338000000E+01         0.100000000E+01
       0.340000000E+01         0.100000000E+01
       0.342000000E+01         0.100000000E+01
       0.344000000E+01         0.100000000E+01
       0.346000000E+01         0.100000000E+01
       0.348000000E+01         0.100000000E+01
       0.350000000E+01         0.100000000E+01
       0.352000000E+01         0.100000000E+01
       0.354000000E+01         0.100000000E+01
       0.356000000E+01         0.100000000E+01
       0.358000000E+01         0.100000000E+01
       0.360000000E+01         0.100000000E+01
       0.362000000E+01         0.100000000E+01
       0.364000000E+01         0.100000000E+01
       0.366000000E+01         0.100000000E+01
       0.368000000E+01         0.100000000E+01
       0.370000000E+01         0.100000000E+01
       0.372000000E+01         0.100000000E+01
       0.374000000E+01         0.100000000E+01
       0.376000000E+01         0.100000000E+01
       0.378000000E+01         0.100000000E+01
       0.380000000E+01         0.100000000E+01
       0.382000000E+01         0.100000000E+01
       0.384000000E+01         0.100000000E+01
       0.386000000E+01         0.100000000E+01
       0.388000000E+01         0.100000000E+01
       0.390000000E+01         0.100000000E+01
       0.392000000E+01         0.100000000E+01
       0.394000000E+01         0.100000000E+01
       0.396000000E+01         0.100000000E+01
       0.398000000E+01         0.100000000E+01
       0.400000000E+01         0.100000000E+01
       0.402000000E+01         0.100000000E+01
       0.404000000E+01         0.100000000E+01
       0.406000000E+01         0.100000000E+01
       0.408000000E+01         0.100000000E+01
       0.410000000E+01         0.100000000E+01
       0.412000000E+01         0.100000000E+01
       0.414000000E+01         0.100000000E+01
       0.416000000E+01         0.100000000E+01
       0.418000000E+01         0.100000000E+01
       0.420000000E+01         0.100000000E+01
       0.422000000E+01         0.100000000E+01
       0.424000000E+01         0.100000000E+01
       0.426000000E+01         0.100000000E+01
       0.428000000E+01         0.100000000E+01
       0.430000000E+01         0.100000000E+01
       0.432000000E+01         0.100000000E+01
       0.434000000E+01         0.100000000E+01
       0.436000000E+01         0.100000000E+01
       0.438000000E+01         0.100000000E+01
       0.440000000E+01         0.100000000E+01
       0.442000000E+01         0.100000000E+01
       0.444000000E+01         0.100000000E+01
       0.446000000E+01         0.100000000E+01
       0.448000000E+01         0.100000000E+01
       0.450000000E+01         0.100000000E+01
       0.452000000E+01         0.100000000E+01
       0.454000000E+01         0.100000000E+01
       0.456000000E+01         0.100000000E+01
       0.458000000E+01         0.100000000E+01
       0.460000000E+01         0.100000000E+01
       0.462000000E+01         0.100000000E+01
       0.464000000E+01         0.100000000E+01
       0.466000000E+01         0.100000000E+01
       0.468000000E+01         0.100000000E+01
       0.470000000E+01         0.100000000E+01
       0.472000000E+01         0.100000000E+01
       0.474000000E+01         0.100000000E+01
       0.476000000E+01         0.100000000E+01
       0.478000000E+01         0.100000000E+01
       0.480000000E+01         0.100000000E+01
       0.482000000E+01         0.100000000E+01
       0.484000000E+01         0.100000000E+01
       0.486000000E+01         0.100000000E+01
       0.488000000E+01         0.100000000E+01
       0.490000000E+01         0.100000000E+01
       0.492000000E+01         0.100000000E+01
       0.494000000E+01         0.100000000E+01
       0.496000000E+01         0.100000000E+01
       0.498000000E+01         0.100000000E+01
       0.500000000E+01         0.100000000E+01
       0.502000000E+01         0.100000000E+01
       0.504000000E+01         0.100000000E+01
       0.506000000E+01         0.100000000E+01
       0.508000000E+01         0.100000000E+01
       0.510000000E+01         0.100000000E+01
       0.512000000E+01         0.100000000E+01
       0.514000000E+01         0.100000000E+01
       0.516000000E+01         0.100000000E+01
       0.518000000E+01         0.100000000E+01
       0.520000000E+01         0.100000000E+01
       0.522000000E+01         0.100000000E+01
       0.524000000E+01         0.100000000E+01
       0.526000000E+01         0.100000000E+01
       0.528000000E+01         0.100000000E+01
       0.530000000E+01         0.100000000E+01
       0.532000000E+01         0.100000000E+01
       0.534000000E+01         0.100000000E+01
       0.536000000E+01         0.100000000E+01
       0.538000000E+01         0.100000000E+01
       0.540000000E+01         0.100000000E+01
       0.542000000E+01         0.100000000E+01
       0.544000000E+01         0.100000000E+01
       0.546000000E+01         0.100000000E+01
       0.548000000E+01         0.100000000E+01
       0.550000000E+01         0.100000000E+01
       0.552000000E+01         0.100000000E+01
       0.554000000E+01         0.100000000E+01
       0.556000000E+01         0.100000000E+01
       0.558000000E+01         0.100000000E+01
       0.560000000E+01         0.100000000E+01
       0.562000000E+01         0.100000000E+01
       0.564000000E+01         0.100000000E+01
       0.566000000E+01         0.100000000E+01
       0.568000000E+01         0.100000000E+01
       0.570000000E+01         0.100000000E+01
       0.572000000E+01         0.100000000E+01
       0.574000000E+01         0.100000000E+01
       0.576000000E+01         0.100000000E+01
       0.578000000E+01         0.100000000E+01
       0.580000000E+01         0.100000000E+01
       0.582000000E+01         0.100000000E+01
       0.584000000E+01         0.100000000E+01
       0.586000000E+01         0.100000000E+01
       0.588000000E+01         0.100000000E+01
       0.590000000E+01         0.100000000E+01
       0.592000000E+01         0.100000000E+01
       0.594000000E+01         0.100000000E+01
       0.596000000E+01         0.100000000E+01
       0.598000000E+01         0.100000000E+01
       0.600000000E+01         0.100000000E+01
       0.602000000E+01         0.100000000E+01
       0.604000000E+01         0.100000000E+01
       0.606000000E+01         0.100000000E+01
       0.608000000E+01         0.100000000E+01
       0.610000000E+01         0.100000000E+01
       0.612000000E+01         0.100000000E+01
       0.614000000E+01         0.100000000E+01
       0.616000000E+01         0.100000000E+01
       0.618000000E+01         0.100000000E+01
       0.620000000E+01         0.100000000E+01
       0.622000000E+01         0.100000000E+01
       0.624000000E+01         0.100000000E+01
       0.626000000E+01         0.100000000E+01
       0.628000000E+01         0.100000000E+01
       0.630000000E+01         0.100000000E+01
       0.632000000E+01         0.100000000E+01
       0.634000000E+01         0.100000000E+01
       0.636000000E+01         0.100000000E+01
       0.638000000E+01         0.100000000E+01
       0.640000000E+01         0.100000000E+01
       0.642000000E+01         0.100000000E+01
       0.644000000E+01         0.100000000E+01
       0.646000000E+01         0.100000000E+01
       0.648000000E+01         0.100000000E+01
       0.650000000E+01         0.100000000E+01
       0.652000000E+01         0.100000000E+01
       0.654000000E+01         0.100000000E+01
       0.656000000E+01         0.100000000E+01
       0.658000000E+01         0.100000000E+01
       0.660000000E+01         0.100000000E+01
       0.662000000E+01         0.100000000E+01
       0.664000000E+01         0.100000000E+01
       0.666000000E+01         0.100000000E+01
       0.668000000E+01         0.100000000E+01
       0.670000000E+01         0.100000000E+01
       0.672000000E+01         0.100000000E+01
       0.674000000E+01         0.100000000E+01
       0.676000000E+01         0.100000000E+01
       0.678000000E+01         0.100000000E+01
       0.680000000E+01         0.100000000E+01
       0.682000000E+01         0.100000000E+01
       0.684000000E+01         0.100000000E+01
       0.686000000E+01         0.100000000E+01
       0.688000000E+01         0.100000000E+01
       0.690000000E+01         0.100000000E+01
       0.692000000E+01         0.100000000E+01
       0.694000000E+01         0.100000000E+01
       0.696000000E+01         0.100000000E+01
       0.698000000E+01         0.100000000E+01
       0.700000000E+01         0.100000000E+01
       0.702000000E+01         0.100000000E+01
       0.704000000E+01         0.100000000E+01
       0.706000000E+01         0.100000000E+01
       0.708000000E+01         0.100000000E+01
       0.710000000E+01         0.100000000E+01
       0.712000000E+01         0.100000000E+01
       0.714000000E+01         0.100000000E+01
       0.716000000E+01         0.100000000E+01
       0.718000000E+01         0.100000000E+01
       0.720000000E+01         0.100000000E+01
       0.722000000E+01         0.100000000E+01
       0.724000000E+01         0.100000000E+01
       0.726000000E+01         0.100000000E+01
       0.728000000E+01         0.100000000E+01
       0.730000000E+01         0.100000000E+01
       0.732000000E+01         0.100000000E+01
       0.734000000E+01         0.100000000E+01
       0.736000000E+01         0.100000000E+01
       0.738000000E+01         0.100000000E+01
       0.740000000E+01         0.100000000E+01
       0.742000000E+01         0.100000000E+01
       0.744000000E+01         0.100000000E+01
       0.746000000E+01         0.100000000E+01
       0.748000000E+01         0.100000000E+01
       0.750000000E+01         0.100000000E+01
       0.752000000E+01         0.100000000E+01
       0.754000000E+01         0.100000000E+01
       0.756000000E+01         0.100000000E+01
       0.758000000E+01         0.100000000E+01
       0.760000000E+01         0.100000000E+01
       0.762000000E+01         0.100000000E+01
       0.764000000E+01         0.100000000E+01
       0.766000000E+01         0.100000000E+01
       0.768000000E+01         0.100000000E+01
       0.770000000E+01         0.100000000E+01
       0.772000000E+01         0.100000000E+01
       0.774000000E+01         0.100000000E+01
       0.776000000E+01         0.100000000E+01
       0.778000000E+01         0.100000000E+01
       0.780000000E+01         0.100000000E+01
       0.782000000E+01         0.100000000E+01
       0.784000000E+01         0.100000000E+01
       0.786000000E+01         0.100000000E+01
       0.788000000E+01         0.100000000E+01
       0.790000000E+01         0.100000000E+01
       0.792000000E+01         0.100000000E+01
       0.794000000E+01         0.100000000E+01
